
--- Chain decomposition algorithm's results ---
Total Biconnected Components (BCCs) found: 5
BCC 1 (Triangle 1): {(20, 21), (20, 22), (20, 23), (20, 25), (20, 26), (20, 27), (20, 28), (21, 22), (21, 24), (21, 25), (21, 26), (21, 27), (22, 24), (22, 25), (22, 28), (23, 25), (23, 26), (23, 27), (23, 28), (23, 29), (24, 27), (24, 29), (25, 28), (26, 27), (26, 29), (27, 28), (27, 29), (28, 29)}
BCC 2 (Bridge): {(19, 20)}
BCC 3 (Triangle 3): {(10, 11), (10, 14), (10, 15), (10, 16), (10, 17), (10, 18), (11, 12), (11, 13), (11, 14), (11, 15), (11, 17), (11, 19), (12, 16), (12, 19), (13, 14), (13, 15), (13, 16), (13, 17), (13, 18), (14, 15), (14, 17), (14, 19), (15, 17), (15, 18), (16, 17), (16, 19), (17, 18), (18, 19)}
BCC 4 (Bridge): {(9, 10)}
BCC 5 (Triangle 5): {(0, 1), (0, 2), (0, 3), (0, 4), (0, 5), (0, 6), (1, 3), (1, 4), (1, 5), (1, 6), (1, 9), (2, 5), (2, 6), (3, 4), (3, 6), (3, 7), (3, 9), (4, 7), (4, 8), (4, 9), (5, 7), (5, 8), (6, 7), (7, 8), (7, 9)}

Articulation Points (Cut Vertices): 9 10 19 20 
