
--- Tarjan's Algorithm Results ---
Total Biconnected Components (BCCs) found: 14
BCC 1 (Bridge): {(454, 799)}
BCC 2 (Bridge): {(20, 555)}
BCC 3 (Bridge): {(208, 881)}
BCC 4 (Bridge): {(346, 374)}
BCC 5 (Bridge): {(452, 490)}
BCC 6 (Bridge): {(254, 458)}
BCC 7 (Bridge): {(163, 658)}
BCC 8 (Bridge): {(548, 577)}
BCC 9 (Bridge): {(357, 526)}
BCC 10 (Bridge): {(780, 793)}
BCC 11 (Bridge): {(832, 884)}
BCC 12 (Bridge): {(811, 822)}
BCC 13 (Bridge): {(537, 690)}
BCC 14 (Triangle 14): {(0, 1), (0, 3), (0, 4), (0, 26), (0, 61), (0, 97), (0, 129), (0, 673), (1, 2), (1, 20), (1, 41), (1, 67), (1, 99), (1, 754), (1, 832), (2, 7), (2, 13), (2, 313), (2, 464), (2, 500), (2, 623), (3, 18), (3, 24), (3, 35), (3, 56), (3, 192), (3, 200), (3, 467), (3, 654), (3, 802), (4, 5), (4, 6), (4, 8), (4, 10), (4, 13), (4, 21), (4, 49), (4, 155), (4, 238), (4, 487), (4, 597), (5, 18), (5, 33), (5, 42), (5, 46), (5, 47), (5, 116), (5, 285), (5, 337), (5, 401), (5, 464), (5, 568), (6, 66), (6, 128), (6, 172), (6, 365), (6, 787), (6, 845), (7, 9), (7, 30), (7, 140), (7, 206), (7, 214), (7, 306), (7, 384), (7, 769), (8, 93), (8, 267), (8, 341), (8, 352), (8, 530), (8, 713), (8, 753), (9, 11), (9, 15), (9, 25), (9, 60), (9, 103), (9, 270), (9, 455), (9, 468), (9, 551), (9, 666), (9, 688), (9, 755), (10, 12), (10, 17), (10, 256), (10, 371), (10, 464), (10, 480), (10, 734), (11, 74), (11, 86), (11, 96), (11, 122), (11, 530), (11, 781), (12, 14), (12, 27), (12, 36), (12, 40), (12, 50), (12, 105), (12, 165), (12, 172), (12, 398), (12, 483), (13, 166), (13, 175), (13, 435), (13, 721), (14, 16), (14, 31), (14, 38), (14, 159), (14, 195), (14, 256), (14, 292), (14, 345), (14, 869), (15, 19), (15, 411), (15, 427), (16, 93), (16, 276), (16, 470), (16, 483), (16, 515), (16, 708), (16, 712), (17, 23), (17, 39), (17, 83), (17, 108), (17, 144), (17, 329), (18, 48), (18, 87), (18, 343), (18, 482), (18, 621), (19, 28), (19, 123), (19, 177), (19, 184), (19, 233), (19, 239), (19, 432), (19, 611), (20, 34), (20, 52), (20, 80), (20, 342), (20, 547), (20, 669), (20, 717), (20, 776), (20, 780), (20, 880), (21, 22), (21, 91), (21, 165), (21, 238), (21, 273), (21, 731), (21, 844), (21, 851), (22, 32), (22, 102), (22, 200), (22, 282), (22, 432), (22, 557), (22, 561), (23, 58), (23, 110), (23, 163), (23, 600), (23, 601), (23, 709), (23, 845), (23, 882), (24, 182), (24, 195), (24, 606), (24, 768), (24, 880), (25, 49), (25, 59), (25, 109), (25, 391), (25, 724), (25, 827), (26, 29), (26, 88), (26, 210), (26, 291), (26, 616), (26, 801), (27, 63), (27, 75), (27, 214), (27, 430), (27, 473), (27, 500), (27, 527), (27, 730), (28, 44), (28, 127), (28, 431), (28, 491), (28, 522), (28, 648), (28, 714), (28, 792), (28, 810), (28, 815), (29, 83), (29, 149), (29, 230), (29, 234), (29, 495), (29, 661), (29, 732), (30, 141), (30, 151), (30, 203), (30, 278), (30, 350), (30, 453), (30, 568), (30, 571), (31, 51), (31, 134), (31, 852), (32, 48), (32, 55), (32, 142), (32, 515), (32, 516), (32, 846), (33, 37), (33, 236), (33, 283), (33, 385), (33, 764), (34, 43), (34, 100), (34, 163), (34, 250), (34, 303), (34, 386), (34, 432), (34, 767), (35, 201), (35, 244), (35, 360), (35, 691), (35, 719), (35, 734), (35, 771), (35, 832), (36, 68), (36, 79), (36, 187), (36, 199), (37, 113), (37, 160), (37, 192), (37, 287), (37, 499), (37, 550), (37, 656), (37, 665), (37, 777), (38, 53), (38, 54), (38, 89), (38, 119), (38, 122), (38, 406), (38, 549), (38, 657), (39, 71), (39, 127), (39, 130), (39, 212), (39, 269), (39, 447), (39, 559), (40, 131), (40, 266), (40, 589), (40, 778), (41, 157), (41, 165), (41, 209), (41, 452), (41, 525), (41, 535), (42, 46), (42, 57), (42, 92), (42, 184), (42, 343), (42, 462), (42, 519), (42, 594), (42, 597), (42, 808), (43, 45), (43, 375), (43, 667), (43, 808), (44, 68), (44, 69), (44, 70), (44, 245), (44, 253), (44, 368), (44, 671), (44, 777), (45, 61), (45, 130), (45, 137), (45, 242), (45, 425), (45, 518), (45, 891), (46, 181), (46, 288), (46, 293), (46, 402), (46, 503), (46, 523), (46, 525), (46, 553), (46, 894), (47, 64), (47, 66), (47, 531), (47, 781), (47, 788), (48, 95), (48, 112), (48, 216), (48, 284), (48, 581), (48, 582), (48, 774), (48, 856), (49, 65), (49, 179), (49, 286), (49, 431), (49, 445), (49, 820), (50, 304), (50, 314), (50, 428), (50, 857), (51, 448), (52, 98), (52, 382), (52, 401), (53, 77), (53, 82), (53, 101), (53, 183), (53, 207), (53, 340), (53, 369), (53, 572), (53, 612), (53, 649), (53, 753), (53, 794), (53, 874), (54, 62), (54, 81), (54, 322), (54, 450), (54, 644), (54, 775), (55, 211), (55, 235), (55, 275), (55, 419), (55, 680), (55, 736), (55, 852), (55, 870), (55, 879), (56, 76), (56, 78), (56, 214), (56, 335), (56, 452), (56, 501), (56, 670), (56, 761), (57, 72), (57, 98), (57, 268), (57, 331), (57, 513), (57, 536), (57, 693), (57, 713), (58, 243), (58, 364), (58, 377), (59, 104), (59, 126), (59, 305), (59, 346), (59, 646), (59, 666), (60, 90), (60, 205), (60, 257), (60, 280), (60, 474), (60, 570), (60, 629), (60, 829), (61, 81), (61, 376), (61, 622), (61, 861), (62, 87), (62, 115), (62, 139), (62, 272), (62, 325), (62, 392), (62, 402), (62, 420), (62, 521), (62, 540), (63, 94), (63, 123), (63, 287), (63, 318), (63, 333), (63, 821), (64, 225), (64, 263), (64, 641), (65, 259), (65, 283), (65, 400), (65, 531), (65, 566), (65, 634), (65, 675), (65, 730), (65, 826), (65, 844), (66, 121), (66, 149), (66, 156), (66, 171), (66, 179), (66, 265), (66, 615), (66, 710), (66, 763), (67, 91), (67, 104), (67, 131), (67, 225), (67, 416), (67, 542), (67, 782), (68, 426), (68, 495), (68, 589), (68, 682), (69, 167), (69, 190), (69, 337), (69, 357), (69, 472), (69, 493), (69, 607), (70, 114), (70, 142), (70, 398), (70, 804), (71, 73), (71, 86), (71, 103), (71, 124), (71, 197), (71, 307), (71, 395), (71, 465), (71, 792), (72, 106), (72, 203), (72, 208), (72, 260), (72, 418), (72, 560), (73, 135), (73, 341), (73, 368), (73, 377), (73, 400), (74, 97), (74, 121), (74, 173), (74, 174), (74, 242), (74, 294), (74, 654), (75, 84), (75, 94), (75, 366), (75, 416), (76, 85), (76, 132), (76, 255), (76, 563), (77, 189), (77, 255), (77, 576), (77, 660), (78, 426), (78, 441), (78, 564), (78, 596), (78, 773), (79, 241), (79, 456), (79, 551), (79, 687), (80, 187), (80, 189), (80, 436), (80, 804), (81, 99), (81, 161), (81, 170), (81, 447), (81, 492), (82, 186), (82, 298), (82, 600), (82, 769), (83, 356), (83, 421), (83, 551), (83, 585), (83, 787), (83, 803), (84, 119), (84, 367), (84, 492), (84, 561), (84, 809), (85, 426), (85, 456), (85, 467), (85, 537), (85, 671), (85, 874), (86, 127), (86, 302), (86, 308), (86, 384), (86, 454), (86, 541), (86, 563), (86, 836), (87, 208), (87, 252), (87, 272), (87, 300), (87, 311), (87, 320), (87, 469), (87, 572), (88, 308), (88, 767), (89, 114), (89, 240), (89, 309), (89, 575), (89, 815), (90, 105), (90, 198), (90, 484), (90, 661), (91, 111), (91, 135), (91, 157), (91, 164), (91, 171), (91, 348), (91, 364), (91, 404), (91, 436), (91, 716), (91, 796), (91, 819), (91, 851), (91, 864), (92, 145), (92, 168), (92, 194), (92, 196), (92, 243), (92, 323), (92, 433), (92, 679), (92, 693), (92, 757), (92, 814), (93, 117), (93, 128), (93, 754), (94, 125), (94, 290), (94, 320), (94, 408), (94, 585), (94, 659), (95, 152), (95, 175), (95, 204), (95, 357), (95, 436), (95, 523), (96, 107), (96, 336), (96, 359), (96, 475), (96, 813), (97, 582), (97, 586), (97, 614), (97, 782), (98, 309), (98, 632), (98, 816), (98, 852), (99, 134), (99, 216), (99, 530), (99, 640), (100, 121), (100, 274), (100, 465), (100, 562), (101, 333), (101, 387), (101, 399), (101, 554), (101, 704), (101, 891), (102, 181), (102, 289), (102, 389), (102, 564), (102, 716), (102, 777), (102, 825), (103, 252), (103, 268), (103, 347), (103, 455), (103, 812), (104, 694), (104, 729), (104, 878), (105, 117), (105, 118), (105, 207), (105, 288), (105, 645), (105, 675), (106, 111), (106, 120), (106, 136), (106, 231), (106, 691), (106, 723), (107, 166), (107, 169), (107, 171), (107, 264), (107, 335), (107, 516), (108, 113), (108, 365), (108, 445), (108, 689), (108, 857), (109, 315), (109, 327), (109, 404), (109, 705), (110, 197), (110, 484), (110, 522), (110, 524), (111, 148), (111, 308), (111, 336), (111, 639), (112, 418), (112, 461), (113, 132), (113, 246), (113, 258), (113, 749), (113, 806), (113, 810), (113, 890), (114, 683), (114, 835), (115, 354), (115, 718), (115, 866), (116, 261), (116, 329), (116, 632), (116, 645), (116, 758), (117, 145), (117, 232), (117, 275), (117, 544), (117, 726), (118, 162), (118, 297), (118, 424), (118, 493), (118, 506), (118, 586), (119, 170), (119, 320), (119, 393), (119, 404), (119, 506), (119, 789), (120, 133), (120, 156), (120, 185), (120, 527), (120, 541), (120, 645), (120, 868), (121, 150), (121, 246), (121, 378), (121, 878), (122, 239), (123, 146), (123, 157), (123, 232), (123, 300), (123, 378), (123, 438), (123, 686), (123, 847), (124, 206), (124, 280), (124, 377), (124, 403), (124, 500), (124, 748), (125, 138), (125, 321), (125, 560), (125, 696), (125, 715), (125, 868), (125, 889), (126, 143), (126, 151), (126, 361), (126, 362), (126, 659), (126, 686), (126, 705), (127, 301), (127, 316), (127, 386), (127, 473), (127, 592), (127, 666), (127, 667), (128, 138), (128, 213), (128, 311), (128, 421), (128, 585), (129, 281), (129, 532), (129, 652), (129, 757), (129, 893), (130, 265), (130, 319), (130, 376), (130, 496), (130, 509), (130, 700), (130, 801), (131, 153), (131, 178), (131, 312), (131, 524), (131, 602), (131, 746), (132, 177), (132, 202), (132, 582), (132, 721), (133, 147), (133, 249), (133, 435), (133, 461), (133, 818), (133, 891), (134, 222), (134, 300), (134, 617), (135, 175), (135, 572), (135, 780), (136, 196), (136, 224), (136, 661), (136, 710), (136, 827), (136, 892), (137, 220), (137, 336), (137, 720), (137, 769), (139, 185), (139, 334), (139, 403), (139, 660), (139, 681), (139, 732), (139, 801), (140, 383), (140, 452), (140, 693), (140, 816), (141, 226), (141, 233), (141, 516), (141, 838), (141, 875), (142, 295), (142, 383), (142, 397), (142, 415), (142, 855), (143, 218), (143, 455), (143, 482), (143, 681), (143, 731), (143, 850), (144, 147), (144, 209), (144, 310), (145, 146), (145, 266), (145, 306), (145, 327), (145, 348), (145, 801), (146, 275), (146, 456), (146, 548), (146, 890), (147, 154), (147, 187), (147, 340), (147, 517), (147, 704), (148, 158), (148, 197), (148, 298), (148, 323), (148, 357), (148, 665), (148, 694), (148, 726), (149, 150), (149, 764), (149, 788), (150, 456), (150, 466), (150, 697), (150, 717), (150, 728), (151, 267), (151, 385), (151, 485), (151, 627), (152, 193), (152, 248), (152, 307), (152, 642), (152, 779), (152, 808), (152, 863), (152, 887), (153, 183), (153, 646), (154, 273), (154, 284), (154, 569), (154, 588), (154, 629), (155, 206), (155, 442), (155, 489), (155, 771), (156, 341), (156, 566), (156, 756), (157, 219), (157, 262), (157, 331), (157, 338), (157, 451), (157, 662), (158, 194), (158, 730), (159, 351), (159, 496), (159, 839), (160, 180), (160, 204), (160, 332), (160, 370), (160, 400), (160, 512), (160, 572), (160, 862), (161, 477), (161, 811), (161, 891), (162, 170), (162, 178), (162, 486), (163, 176), (163, 868), (164, 334), (164, 639), (164, 761), (164, 778), (165, 668), (165, 756), (165, 861), (165, 864), (166, 198), (166, 397), (166, 843), (167, 344), (167, 409), (167, 440), (167, 591), (167, 722), (168, 201), (168, 318), (168, 444), (168, 446), (168, 461), (169, 849), (169, 886), (170, 570), (171, 386), (171, 668), (171, 680), (171, 741), (172, 292), (172, 400), (172, 456), (172, 800), (172, 854), (172, 856), (172, 861), (173, 388), (173, 515), (173, 546), (173, 694), (174, 180), (174, 216), (174, 565), (174, 858), (174, 866), (175, 188), (175, 191), (175, 257), (175, 334), (175, 433), (175, 463), (175, 517), (175, 676), (176, 193), (176, 220), (176, 242), (176, 610), (177, 331), (177, 423), (177, 606), (177, 829), (178, 192), (178, 224), (178, 296), (178, 347), (179, 227), (179, 291), (179, 340), (179, 425), (179, 706), (179, 744), (180, 297), (180, 620), (180, 665), (180, 863), (181, 254), (181, 324), (181, 566), (181, 859), (182, 225), (182, 251), (182, 261), (182, 366), (182, 408), (183, 255), (183, 266), (183, 329), (183, 452), (183, 805), (183, 877), (184, 290), (184, 339), (184, 424), (184, 428), (184, 584), (184, 610), (184, 711), (185, 333), (185, 607), (186, 386), (186, 514), (186, 839), (186, 863), (187, 220), (187, 318), (187, 329), (187, 715), (187, 767), (188, 363), (188, 409), (188, 797), (189, 550), (190, 217), (190, 248), (190, 383), (190, 628), (191, 203), (191, 216), (191, 613), (192, 479), (192, 486), (192, 762), (192, 866), (192, 879), (193, 228), (193, 349), (193, 530), (193, 693), (193, 768), (193, 874), (194, 325), (194, 641), (194, 813), (194, 867), (195, 250), (195, 281), (195, 437), (195, 551), (195, 882), (196, 265), (196, 280), (196, 475), (196, 480), (196, 545), (196, 647), (196, 840), (197, 347), (197, 379), (197, 633), (197, 842), (198, 586), (198, 675), (199, 205), (199, 342), (199, 498), (199, 646), (199, 713), (199, 729), (199, 876), (200, 205), (200, 480), (200, 752), (200, 840), (201, 691), (202, 290), (202, 370), (202, 378), (202, 498), (202, 738), (202, 794), (203, 217), (203, 835), (203, 853), (204, 244), (204, 407), (204, 501), (204, 603), (204, 804), (205, 229), (205, 341), (205, 379), (205, 624), (206, 248), (206, 278), (206, 391), (206, 449), (206, 574), (206, 655), (206, 657), (206, 785), (207, 412), (207, 462), (207, 514), (208, 330), (208, 356), (208, 512), (208, 635), (208, 889), (209, 235), (209, 245), (209, 384), (209, 390), (209, 814), (210, 251), (210, 290), (210, 317), (210, 384), (210, 552), (210, 565), (210, 659), (210, 891), (211, 588), (211, 886), (211, 894), (212, 215), (212, 221), (212, 224), (212, 258), (212, 636), (212, 639), (212, 674), (213, 872), (214, 223), (214, 449), (214, 485), (214, 522), (214, 570), (214, 594), (214, 744), (214, 766), (215, 346), (215, 442), (215, 470), (215, 760), (215, 868), (216, 223), (216, 883), (217, 267), (217, 326), (217, 394), (217, 469), (217, 599), (217, 711), (217, 730), (218, 237), (218, 290), (218, 616), (218, 638), (219, 358), (219, 487), (219, 578), (219, 707), (220, 272), (220, 471), (220, 494), (220, 848), (220, 896), (221, 545), (221, 605), (221, 731), (222, 739), (223, 405), (223, 420), (223, 703), (224, 371), (224, 507), (224, 601), (224, 857), (225, 287), (225, 321), (226, 239), (226, 480), (226, 760), (227, 247), (227, 353), (227, 604), (227, 736), (228, 265), (228, 709), (229, 575), (229, 692), (229, 738), (229, 843), (229, 879), (229, 892), (230, 429), (230, 476), (230, 521), (230, 717), (231, 584), (231, 755), (232, 233), (232, 418), (233, 283), (233, 349), (233, 535), (234, 850), (234, 867), (235, 360), (235, 477), (235, 481), (236, 237), (237, 519), (237, 731), (238, 298), (238, 334), (238, 396), (238, 454), (238, 759), (238, 827), (238, 885), (239, 271), (239, 358), (239, 454), (239, 528), (240, 279), (240, 310), (240, 482), (240, 510), (240, 539), (240, 599), (240, 883), (241, 347), (241, 519), (241, 632), (241, 642), (241, 682), (241, 701), (241, 758), (242, 504), (242, 750), (242, 755), (243, 317), (243, 361), (243, 409), (243, 511), (243, 694), (243, 742), (244, 348), (244, 492), (244, 644), (245, 369), (245, 378), (245, 739), (245, 770), (245, 789), (246, 249), (246, 628), (247, 264), (247, 271), (247, 446), (248, 251), (248, 350), (248, 413), (248, 489), (248, 672), (249, 499), (249, 634), (250, 422), (250, 434), (250, 537), (250, 651), (251, 367), (251, 459), (251, 493), (251, 504), (251, 550), (251, 649), (251, 678), (251, 680), (251, 854), (252, 345), (252, 452), (252, 724), (252, 753), (252, 786), (252, 826), (253, 256), (253, 260), (253, 335), (253, 338), (253, 538), (253, 755), (254, 307), (254, 310), (254, 423), (254, 461), (254, 535), (254, 820), (254, 834), (255, 383), (255, 396), (255, 433), (255, 812), (256, 299), (256, 337), (256, 612), (257, 606), (257, 691), (258, 301), (258, 316), (258, 437), (258, 460), (258, 629), (259, 363), (259, 516), (259, 740), (260, 383), (260, 599), (260, 692), (260, 711), (261, 266), (261, 414), (261, 755), (261, 786), (261, 789), (262, 277), (262, 521), (262, 611), (262, 640), (262, 871), (263, 328), (263, 389), (263, 391), (263, 736), (264, 384), (264, 498), (264, 662), (265, 381), (265, 892), (266, 336), (266, 450), (266, 481), (266, 828), (266, 862), (267, 367), (267, 372), (267, 650), (267, 780), (268, 297), (268, 736), (268, 854), (269, 515), (269, 897), (270, 307), (270, 598), (270, 779), (271, 349), (271, 580), (272, 779), (272, 886), (273, 554), (273, 637), (274, 487), (274, 595), (274, 618), (274, 663), (275, 312), (275, 567), (275, 643), (276, 466), (276, 508), (277, 462), (279, 324), (279, 463), (279, 467), (279, 493), (279, 588), (279, 659), (279, 693), (279, 842), (280, 491), (280, 643), (280, 768), (280, 868), (281, 391), (281, 708), (281, 805), (282, 469), (283, 355), (283, 506), (284, 325), (284, 367), (284, 582), (284, 663), (284, 725), (284, 753), (285, 341), (285, 485), (285, 665), (285, 840), (286, 543), (286, 814), (286, 846), (286, 899), (287, 696), (287, 854), (288, 834), (288, 842), (289, 440), (289, 659), (289, 707), (289, 898), (290, 312), (290, 464), (290, 615), (291, 302), (291, 306), (291, 502), (291, 519), (291, 662), (292, 509), (292, 590), (293, 349), (293, 638), (294, 579), (294, 661), (294, 743), (294, 887), (295, 670), (295, 832), (296, 305), (296, 585), (296, 635), (297, 401), (297, 450), (297, 479), (297, 567), (298, 377), (298, 506), (298, 550), (299, 745), (300, 621), (300, 801), (301, 319), (301, 497), (301, 548), (301, 583), (301, 862), (301, 870), (302, 381), (302, 437), (302, 532), (303, 402), (303, 510), (303, 835), (304, 321), (304, 390), (304, 400), (304, 582), (304, 759), (305, 444), (305, 459), (305, 502), (305, 518), (305, 674), (306, 333), (306, 401), (306, 571), (306, 630), (306, 788), (307, 350), (307, 599), (307, 630), (307, 777), (307, 861), (308, 411), (308, 625), (308, 756), (308, 785), (308, 852), (309, 404), (309, 438), (309, 597), (309, 704), (309, 708), (309, 763), (310, 383), (310, 498), (310, 640), (311, 654), (311, 726), (311, 738), (311, 743), (312, 380), (312, 467), (312, 543), (312, 806), (313, 435), (313, 474), (314, 417), (315, 454), (315, 501), (315, 600), (315, 715), (315, 730), (316, 480), (316, 514), (316, 724), (316, 743), (317, 586), (317, 601), (317, 650), (317, 701), (318, 337), (318, 443), (318, 597), (319, 444), (319, 540), (319, 565), (320, 529), (320, 602), (320, 697), (320, 711), (320, 868), (320, 873), (321, 425), (321, 672), (321, 760), (321, 807), (322, 346), (322, 836), (323, 459), (323, 590), (323, 669), (323, 754), (324, 540), (324, 558), (324, 719), (324, 727), (324, 764), (325, 383), (325, 704), (325, 821), (326, 633), (327, 613), (327, 789), (327, 823), (328, 520), (328, 621), (329, 349), (329, 406), (330, 442), (330, 561), (330, 575), (330, 817), (331, 422), (331, 709), (331, 770), (332, 646), (332, 749), (333, 419), (333, 548), (333, 694), (333, 745), (334, 789), (334, 835), (335, 832), (336, 428), (336, 538), (336, 601), (336, 613), (337, 373), (337, 486), (337, 505), (337, 698), (338, 448), (338, 457), (338, 894), (339, 709), (339, 750), (339, 834), (340, 708), (340, 774), (341, 410), (341, 841), (342, 372), (342, 399), (342, 860), (343, 579), (344, 368), (344, 379), (344, 566), (344, 587), (344, 636), (345, 366), (345, 401), (345, 440), (345, 503), (345, 545), (345, 775), (345, 800), (346, 665), (347, 362), (347, 363), (347, 404), (347, 434), (347, 439), (347, 504), (347, 569), (347, 701), (348, 447), (348, 533), (348, 803), (348, 810), (349, 474), (349, 528), (350, 507), (350, 698), (351, 352), (351, 390), (351, 617), (351, 659), (351, 698), (352, 432), (352, 448), (352, 833), (353, 532), (353, 714), (354, 801), (355, 380), (355, 459), (355, 467), (355, 595), (356, 484), (356, 521), (359, 389), (359, 535), (360, 535), (360, 783), (361, 491), (361, 518), (362, 620), (363, 431), (363, 787), (364, 485), (365, 399), (365, 533), (365, 693), (365, 726), (366, 396), (366, 497), (366, 726), (366, 772), (367, 681), (368, 407), (368, 648), (368, 815), (369, 631), (369, 644), (369, 765), (369, 797), (370, 529), (370, 646), (370, 698), (370, 743), (371, 395), (371, 505), (371, 727), (371, 746), (372, 557), (372, 572), (372, 677), (373, 625), (373, 816), (375, 525), (376, 418), (376, 455), (376, 524), (376, 729), (376, 838), (376, 865), (377, 429), (377, 462), (377, 638), (377, 713), (377, 830), (378, 596), (378, 693), (379, 383), (379, 687), (381, 732), (381, 828), (382, 393), (382, 553), (382, 604), (382, 729), (383, 503), (383, 510), (383, 716), (384, 449), (384, 575), (384, 794), (385, 721), (385, 832), (386, 486), (386, 517), (386, 532), (386, 559), (386, 585), (386, 734), (386, 790), (386, 841), (387, 404), (387, 625), (387, 711), (388, 670), (389, 446), (389, 529), (389, 590), (390, 411), (390, 437), (390, 533), (390, 616), (390, 634), (390, 665), (390, 742), (391, 398), (391, 459), (391, 469), (391, 500), (391, 674), (391, 890), (392, 400), (392, 451), (392, 725), (392, 784), (393, 417), (393, 475), (393, 495), (393, 674), (393, 728), (393, 742), (394, 434), (394, 516), (394, 579), (394, 751), (395, 547), (397, 433), (397, 456), (397, 520), (397, 713), (397, 752), (399, 426), (399, 488), (399, 560), (399, 700), (399, 706), (400, 514), (400, 775), (400, 887), (402, 715), (402, 754), (402, 780), (402, 840), (403, 561), (403, 569), (404, 405), (404, 554), (404, 760), (404, 823), (404, 892), (405, 453), (405, 653), (406, 500), (406, 680), (407, 703), (407, 723), (407, 766), (407, 886), (408, 619), (408, 681), (408, 763), (408, 886), (409, 497), (409, 756), (410, 653), (410, 803), (410, 858), (411, 429), (411, 583), (411, 603), (411, 605), (411, 742), (411, 790), (412, 538), (412, 798), (413, 415), (413, 456), (413, 739), (413, 770), (414, 425), (414, 464), (414, 664), (414, 889), (415, 643), (415, 832), (416, 581), (416, 676), (416, 766), (416, 864), (417, 648), (418, 710), (418, 811), (418, 892), (419, 423), (419, 638), (420, 632), (420, 770), (420, 821), (420, 880), (421, 505), (421, 534), (421, 751), (422, 435), (422, 636), (422, 773), (423, 676), (424, 604), (424, 663), (424, 772), (424, 837), (425, 431), (425, 442), (425, 505), (425, 787), (426, 537), (426, 749), (427, 484), (427, 492), (427, 713), (427, 714), (428, 549), (430, 545), (430, 784), (431, 553), (431, 806), (432, 517), (432, 551), (432, 637), (432, 655), (432, 694), (432, 774), (432, 776), (433, 450), (433, 568), (433, 702), (433, 706), (433, 721), (433, 753), (433, 897), (435, 702), (435, 711), (435, 848), (436, 461), (436, 478), (437, 593), (437, 656), (437, 695), (438, 487), (438, 531), (438, 775), (438, 814), (439, 613), (439, 618), (439, 788), (439, 821), (439, 860), (440, 465), (440, 487), (441, 750), (441, 892), (442, 468), (442, 478), (442, 641), (442, 820), (442, 827), (442, 837), (443, 543), (443, 600), (443, 778), (444, 547), (444, 607), (444, 620), (444, 638), (444, 645), (445, 631), (445, 872), (446, 478), (446, 573), (446, 598), (446, 654), (446, 714), (446, 781), (447, 876), (448, 730), (449, 634), (449, 762), (450, 472), (450, 709), (451, 482), (451, 641), (452, 644), (452, 667), (452, 713), (452, 725), (453, 686), (453, 751), (454, 612), (455, 531), (455, 635), (455, 688), (455, 719), (457, 640), (457, 819), (459, 650), (459, 683), (460, 599), (460, 686), (460, 779), (460, 873), (462, 583), (462, 824), (463, 579), (463, 637), (464, 491), (464, 529), (464, 608), (464, 790), (464, 874), (465, 775), (465, 897), (466, 484), (466, 619), (468, 473), (468, 504), (468, 670), (468, 728), (468, 818), (469, 872), (471, 473), (471, 550), (471, 651), (471, 708), (471, 850), (471, 872), (472, 767), (472, 833), (473, 626), (473, 677), (473, 852), (474, 788), (474, 885), (475, 496), (475, 531), (475, 566), (475, 651), (475, 849), (476, 524), (477, 507), (478, 614), (478, 617), (478, 742), (478, 895), (479, 672), (479, 739), (479, 898), (480, 556), (481, 809), (482, 496), (482, 771), (483, 818), (484, 497), (485, 506), (485, 828), (486, 527), (486, 592), (486, 722), (486, 728), (487, 514), (487, 681), (487, 683), (488, 671), (489, 496), (489, 646), (489, 760), (489, 820), (489, 825), (492, 620), (492, 664), (492, 742), (493, 812), (494, 683), (494, 712), (494, 732), (496, 574), (496, 621), (497, 652), (497, 668), (499, 744), (499, 888), (500, 542), (500, 563), (500, 598), (500, 720), (500, 726), (501, 705), (502, 582), (502, 590), (502, 714), (503, 620), (503, 742), (503, 770), (503, 782), (503, 835), (503, 890), (504, 720), (505, 512), (506, 516), (506, 877), (506, 889), (507, 539), (507, 868), (508, 567), (508, 575), (508, 692), (509, 823), (510, 651), (510, 693), (510, 750), (511, 613), (511, 615), (511, 696), (511, 829), (511, 892), (512, 545), (512, 685), (512, 882), (513, 525), (514, 568), (515, 601), (516, 598), (516, 625), (518, 780), (518, 781), (519, 642), (519, 838), (520, 767), (520, 770), (520, 871), (521, 769), (522, 860), (523, 655), (524, 669), (525, 605), (525, 667), (525, 883), (527, 552), (527, 607), (527, 894), (528, 596), (528, 612), (528, 813), (529, 825), (530, 696), (531, 797), (532, 553), (532, 617), (532, 813), (532, 897), (533, 810), (534, 583), (534, 623), (534, 687), (534, 810), (535, 656), (536, 675), (538, 711), (538, 785), (538, 871), (539, 818), (540, 625), (540, 744), (542, 771), (543, 591), (544, 674), (545, 619), (545, 694), (546, 576), (546, 674), (546, 681), (546, 715), (546, 826), (547, 648), (547, 749), (547, 759), (548, 604), (549, 810), (549, 837), (550, 609), (550, 707), (551, 620), (551, 730), (552, 601), (552, 606), (553, 678), (554, 590), (554, 794), (556, 757), (557, 639), (558, 720), (559, 659), (560, 609), (560, 787), (561, 689), (562, 851), (563, 664), (565, 616), (565, 741), (565, 775), (566, 780), (566, 894), (567, 867), (568, 781), (569, 713), (569, 742), (570, 898), (571, 846), (572, 602), (572, 855), (573, 653), (573, 697), (574, 660), (575, 803), (575, 843), (576, 614), (576, 679), (578, 617), (579, 595), (579, 621), (579, 756), (580, 590), (580, 833), (580, 867), (581, 644), (581, 804), (582, 832), (582, 870), (583, 876), (584, 684), (584, 842), (585, 645), (585, 803), (586, 651), (586, 688), (586, 754), (587, 622), (587, 723), (588, 618), (589, 784), (589, 808), (589, 876), (590, 614), (591, 894), (592, 616), (592, 754), (592, 872), (593, 841), (593, 859), (594, 689), (594, 810), (596, 681), (597, 809), (598, 699), (598, 857), (599, 623), (599, 783), (600, 611), (600, 673), (600, 691), (601, 630), (601, 741), (601, 804), (602, 656), (603, 712), (603, 802), (606, 758), (607, 831), (608, 673), (608, 819), (609, 730), (609, 864), (610, 748), (612, 726), (613, 806), (613, 882), (614, 695), (614, 794), (614, 861), (614, 895), (615, 641), (615, 847), (616, 673), (616, 679), (616, 743), (616, 785), (616, 872), (616, 873), (617, 705), (617, 818), (618, 685), (618, 722), (618, 764), (620, 723), (620, 733), (620, 853), (622, 893), (624, 752), (624, 800), (625, 800), (626, 742), (626, 848), (627, 813), (627, 843), (627, 849), (628, 835), (629, 679), (631, 777), (632, 750), (632, 859), (633, 702), (633, 807), (633, 832), (634, 635), (637, 661), (638, 675), (638, 827), (639, 680), (641, 816), (641, 849), (641, 862), (642, 731), (643, 805), (644, 662), (644, 750), (645, 798), (646, 763), (647, 668), (647, 862), (650, 705), (650, 775), (650, 779), (650, 830), (651, 817), (651, 866), (651, 889), (653, 832), (654, 744), (656, 676), (656, 684), (656, 795), (656, 796), (656, 800), (657, 669), (659, 666), (659, 765), (659, 805), (660, 681), (660, 719), (660, 732), (660, 769), (662, 700), (662, 847), (663, 702), (664, 666), (664, 816), (665, 689), (665, 837), (666, 691), (667, 804), (668, 752), (668, 763), (669, 770), (671, 775), (673, 678), (673, 762), (673, 834), (673, 873), (674, 686), (674, 854), (674, 877), (674, 890), (675, 724), (675, 771), (675, 834), (676, 737), (676, 896), (678, 733), (678, 735), (678, 839), (678, 861), (680, 688), (680, 726), (681, 869), (682, 803), (682, 871), (685, 696), (686, 766), (686, 821), (687, 738), (687, 835), (688, 698), (688, 778), (689, 707), (689, 853), (689, 876), (691, 706), (691, 711), (692, 723), (694, 789), (694, 836), (694, 868), (695, 815), (696, 697), (696, 859), (697, 717), (699, 723), (699, 865), (701, 733), (701, 747), (702, 820), (703, 712), (703, 830), (706, 873), (707, 737), (708, 711), (708, 814), (710, 763), (711, 791), (714, 743), (715, 779), (715, 891), (716, 717), (716, 769), (717, 745), (717, 862), (717, 876), (718, 855), (721, 897), (722, 849), (724, 770), (728, 740), (728, 811), (728, 899), (730, 814), (730, 818), (730, 867), (730, 880), (732, 834), (732, 862), (733, 770), (733, 847), (733, 877), (734, 775), (735, 827), (735, 870), (736, 742), (737, 854), (737, 887), (739, 769), (740, 767), (742, 747), (744, 899), (745, 890), (746, 786), (746, 801), (750, 829), (751, 816), (752, 786), (752, 826), (753, 760), (753, 825), (753, 826), (754, 772), (755, 788), (756, 898), (757, 826), (757, 838), (763, 824), (764, 888), (766, 823), (766, 829), (770, 897), (773, 861), (777, 828), (781, 797), (781, 817), (784, 798), (786, 815), (786, 831), (786, 835), (790, 815), (791, 873), (792, 852), (794, 886), (795, 816), (800, 831), (800, 883), (800, 885), (802, 831), (804, 879), (806, 897), (808, 860), (808, 878), (809, 838), (814, 882), (818, 833), (820, 847), (824, 886), (829, 870), (829, 892), (843, 897), (847, 875), (847, 880), (849, 853), (850, 855), (852, 876), (876, 893), (882, 883)}

Articulation Points (Cut Vertices): 20 163 208 254 346 357 452 454 537 548 780 811 832 
