
--- Chain decomposition algorithm's results ---
Total Biconnected Components (BCCs) found: 71
BCC 1 (Bridge): {(153, 335)}
BCC 2 (Bridge): {(573, 664)}
BCC 3 (Bridge): {(452, 516)}
BCC 4 (Bridge): {(25, 224)}
BCC 5 (Bridge): {(850, 892)}
BCC 6 (Bridge): {(88, 329)}
BCC 7 (Bridge): {(619, 957)}
BCC 8 (Bridge): {(331, 387)}
BCC 9 (Bridge): {(319, 379)}
BCC 10 (Bridge): {(22, 316)}
BCC 11 (Bridge): {(820, 881)}
BCC 12 (Bridge): {(254, 280)}
BCC 13 (Bridge): {(261, 371)}
BCC 14 (Bridge): {(532, 564)}
BCC 15 (Bridge): {(598, 707)}
BCC 16 (Bridge): {(608, 813)}
BCC 17 (Bridge): {(337, 384)}
BCC 18 (Bridge): {(826, 921)}
BCC 19 (Bridge): {(498, 873)}
BCC 20 (Bridge): {(473, 747)}
BCC 21 (Bridge): {(722, 801)}
BCC 22 (Bridge): {(529, 616)}
BCC 23 (Bridge): {(527, 959)}
BCC 24 (Bridge): {(502, 694)}
BCC 25 (Bridge): {(502, 743)}
BCC 26 (Bridge): {(716, 765)}
BCC 27 (Bridge): {(621, 713)}
BCC 28 (Bridge): {(730, 890)}
BCC 29 (Bridge): {(578, 891)}
BCC 30 (Bridge): {(220, 363)}
BCC 31 (Bridge): {(531, 784)}
BCC 32 (Bridge): {(233, 292)}
BCC 33 (Bridge): {(935, 949)}
BCC 34 (Bridge): {(934, 935)}
BCC 35 (Bridge): {(117, 285)}
BCC 36 (Bridge): {(763, 834)}
BCC 37 (Bridge): {(314, 378)}
BCC 38 (Bridge): {(356, 377)}
BCC 39 (Bridge): {(104, 356)}
BCC 40 (Bridge): {(204, 322)}
BCC 41 (Bridge): {(204, 339)}
BCC 42 (Bridge): {(651, 693)}
BCC 43 (Bridge): {(255, 269)}
BCC 44 (Bridge): {(872, 967)}
BCC 45 (Bridge): {(90, 108)}
BCC 46 (Bridge): {(22, 190)}
BCC 47 (Bridge): {(45, 392)}
BCC 48 (Bridge): {(50, 393)}
BCC 49 (Bridge): {(476, 793)}
BCC 50 (Bridge): {(611, 875)}
BCC 51 (Bridge): {(44, 281)}
BCC 52 (Bridge): {(924, 999)}
BCC 53 (Bridge): {(442, 640)}
BCC 54 (Bridge): {(509, 566)}
BCC 55 (Bridge): {(798, 855)}
BCC 56 (Bridge): {(788, 995)}
BCC 57 (Bridge): {(645, 788)}
BCC 58 (Bridge): {(645, 948)}
BCC 59 (Bridge): {(615, 645)}
BCC 60 (Bridge): {(627, 719)}
BCC 61 (Bridge): {(234, 239)}
BCC 62 (Bridge): {(270, 277)}
BCC 63 (Bridge): {(26, 148)}
BCC 64 (Bridge): {(42, 268)}
BCC 65 (Bridge): {(512, 655)}
BCC 66 (Bridge): {(554, 849)}
BCC 67 (Bridge): {(748, 856)}
BCC 68 (Bridge): {(836, 952)}
BCC 69 (Bridge): {(671, 840)}
BCC 70 (Bridge): {(535, 624)}
BCC 71 (Triangle 71): {(0, 1), (0, 3), (0, 5), (0, 7), (0, 15), (0, 37), (0, 309), (0, 469), (1, 2), (1, 4), (1, 9), (1, 11), (1, 44), (1, 75), (1, 200), (1, 282), (1, 741), (2, 6), (2, 24), (2, 186), (2, 408), (2, 494), (3, 10), (3, 84), (3, 814), (3, 851), (4, 84), (4, 255), (4, 337), (4, 398), (4, 482), (5, 8), (5, 31), (5, 54), (5, 243), (5, 283), (6, 13), (6, 14), (6, 21), (6, 43), (6, 331), (6, 332), (6, 518), (7, 20), (7, 76), (7, 97), (7, 103), (7, 410), (8, 12), (8, 25), (8, 36), (8, 323), (8, 413), (8, 437), (9, 16), (9, 18), (9, 62), (9, 72), (9, 111), (9, 134), (9, 181), (9, 615), (10, 30), (10, 46), (10, 85), (10, 135), (10, 332), (10, 526), (10, 586), (10, 623), (10, 659), (10, 802), (11, 69), (11, 319), (11, 344), (11, 391), (11, 398), (11, 680), (11, 863), (11, 899), (11, 977), (12, 38), (12, 67), (12, 194), (12, 490), (12, 954), (13, 153), (13, 177), (13, 586), (13, 806), (14, 19), (14, 26), (14, 48), (14, 52), (14, 122), (14, 136), (14, 233), (14, 328), (15, 17), (15, 95), (15, 183), (15, 234), (15, 276), (15, 297), (16, 29), (16, 32), (16, 41), (16, 139), (16, 157), (16, 178), (16, 588), (17, 22), (17, 251), (18, 23), (18, 42), (18, 76), (18, 289), (18, 357), (18, 757), (18, 989), (19, 34), (19, 35), (19, 63), (19, 283), (19, 331), (19, 662), (19, 925), (20, 39), (20, 396), (20, 609), (20, 877), (20, 956), (21, 93), (21, 112), (21, 150), (21, 171), (21, 237), (21, 342), (21, 357), (22, 53), (22, 165), (22, 168), (22, 200), (22, 325), (22, 648), (23, 27), (23, 28), (23, 134), (23, 164), (23, 254), (23, 298), (23, 388), (24, 74), (24, 131), (24, 432), (25, 80), (25, 193), (25, 293), (25, 525), (25, 563), (25, 776), (26, 61), (26, 62), (26, 68), (26, 70), (26, 87), (26, 155), (26, 242), (26, 245), (26, 385), (26, 897), (27, 716), (28, 135), (28, 406), (28, 910), (28, 968), (29, 33), (29, 799), (29, 838), (30, 50), (30, 217), (30, 256), (30, 819), (31, 641), (32, 49), (32, 144), (33, 196), (33, 226), (33, 804), (33, 812), (33, 988), (34, 55), (34, 81), (34, 487), (35, 492), (35, 536), (36, 225), (36, 676), (36, 963), (37, 381), (37, 410), (38, 40), (38, 66), (38, 107), (38, 607), (38, 720), (39, 160), (39, 232), (39, 287), (40, 83), (40, 147), (40, 406), (41, 51), (41, 99), (41, 775), (42, 115), (42, 150), (42, 183), (42, 296), (42, 346), (43, 45), (43, 57), (43, 100), (43, 234), (43, 517), (43, 736), (44, 58), (44, 86), (44, 125), (44, 145), (44, 156), (44, 663), (44, 879), (45, 77), (45, 111), (45, 128), (45, 231), (45, 242), (45, 312), (45, 331), (45, 373), (46, 47), (46, 71), (46, 91), (46, 116), (46, 610), (47, 56), (47, 79), (47, 122), (47, 221), (47, 749), (48, 59), (48, 114), (48, 123), (48, 142), (48, 182), (48, 358), (48, 585), (48, 618), (48, 929), (49, 162), (49, 409), (49, 854), (50, 137), (50, 169), (50, 176), (50, 227), (50, 436), (50, 574), (51, 185), (51, 738), (51, 869), (51, 984), (52, 130), (52, 495), (52, 845), (52, 936), (53, 82), (53, 279), (53, 806), (53, 960), (54, 609), (54, 699), (55, 60), (55, 129), (55, 823), (56, 69), (56, 132), (56, 157), (56, 247), (56, 442), (56, 492), (56, 969), (57, 180), (58, 124), (58, 929), (59, 147), (59, 465), (60, 211), (60, 997), (61, 65), (61, 152), (61, 920), (62, 96), (62, 309), (62, 416), (62, 767), (63, 64), (63, 170), (63, 261), (64, 73), (64, 266), (64, 973), (65, 78), (65, 304), (65, 388), (66, 106), (66, 118), (66, 140), (66, 143), (66, 289), (67, 89), (67, 257), (67, 290), (67, 429), (67, 649), (67, 858), (67, 933), (68, 84), (68, 90), (68, 230), (68, 260), (68, 364), (68, 407), (68, 612), (69, 223), (69, 819), (69, 885), (70, 97), (70, 113), (70, 389), (70, 631), (70, 755), (71, 182), (71, 286), (71, 686), (72, 80), (72, 263), (73, 105), (74, 275), (74, 296), (74, 310), (74, 320), (74, 937), (75, 163), (75, 166), (75, 185), (75, 310), (75, 320), (75, 358), (76, 267), (76, 872), (76, 939), (77, 98), (77, 170), (77, 201), (77, 216), (77, 267), (77, 274), (77, 529), (78, 184), (78, 214), (78, 235), (78, 257), (78, 946), (79, 88), (79, 101), (79, 102), (79, 127), (79, 133), (79, 146), (79, 898), (80, 159), (80, 204), (80, 295), (80, 718), (80, 938), (81, 92), (81, 205), (81, 258), (81, 266), (81, 529), (81, 701), (81, 862), (82, 179), (82, 266), (83, 215), (83, 311), (83, 504), (84, 361), (84, 386), (85, 172), (85, 454), (85, 627), (86, 109), (86, 491), (86, 778), (87, 231), (87, 272), (87, 350), (87, 797), (87, 804), (88, 94), (88, 585), (89, 876), (90, 106), (90, 154), (90, 540), (90, 814), (91, 174), (91, 374), (92, 175), (92, 198), (92, 312), (93, 330), (93, 600), (94, 149), (94, 554), (95, 315), (95, 636), (95, 986), (96, 510), (97, 126), (97, 249), (97, 251), (97, 306), (98, 141), (98, 334), (98, 750), (99, 113), (99, 278), (99, 395), (99, 816), (100, 550), (100, 798), (100, 913), (101, 110), (102, 167), (102, 192), (102, 464), (102, 549), (102, 635), (102, 706), (102, 934), (103, 104), (103, 117), (103, 294), (103, 317), (104, 197), (104, 207), (104, 226), (105, 380), (105, 382), (105, 513), (105, 931), (106, 234), (106, 414), (107, 110), (107, 119), (107, 244), (109, 251), (109, 411), (109, 739), (109, 771), (110, 121), (110, 210), (110, 945), (111, 247), (111, 445), (111, 602), (112, 188), (112, 365), (112, 481), (112, 487), (112, 533), (113, 120), (113, 879), (114, 689), (115, 187), (115, 433), (115, 837), (116, 206), (116, 535), (116, 770), (117, 307), (117, 672), (117, 677), (118, 151), (118, 265), (119, 798), (119, 863), (119, 984), (120, 161), (120, 179), (120, 851), (121, 380), (123, 440), (124, 972), (125, 172), (125, 353), (126, 133), (126, 565), (127, 410), (128, 254), (128, 259), (128, 300), (128, 374), (128, 940), (129, 361), (129, 829), (130, 294), (130, 305), (131, 136), (131, 158), (131, 345), (131, 420), (131, 688), (132, 259), (132, 355), (132, 632), (133, 305), (133, 394), (133, 585), (133, 670), (133, 973), (134, 328), (134, 331), (134, 337), (134, 425), (134, 665), (134, 677), (135, 531), (135, 841), (135, 993), (136, 138), (136, 189), (136, 300), (137, 169), (137, 234), (137, 865), (138, 279), (139, 517), (140, 200), (140, 674), (141, 402), (141, 746), (141, 853), (142, 219), (143, 178), (143, 399), (143, 613), (144, 885), (144, 907), (145, 505), (145, 593), (146, 207), (146, 220), (146, 926), (147, 150), (147, 326), (147, 416), (147, 613), (147, 758), (149, 462), (150, 154), (150, 825), (151, 223), (151, 313), (151, 477), (152, 222), (152, 614), (152, 721), (153, 229), (153, 472), (153, 961), (155, 170), (156, 300), (157, 195), (157, 199), (157, 227), (157, 253), (157, 608), (157, 833), (157, 944), (158, 238), (158, 458), (158, 562), (159, 972), (160, 380), (160, 843), (160, 854), (161, 167), (161, 469), (161, 820), (162, 421), (162, 824), (163, 495), (163, 697), (164, 173), (164, 250), (164, 389), (165, 607), (165, 687), (166, 296), (166, 752), (167, 206), (167, 759), (168, 360), (168, 415), (168, 504), (168, 618), (168, 996), (169, 202), (169, 317), (169, 351), (170, 262), (170, 441), (170, 673), (171, 191), (171, 294), (171, 314), (171, 900), (172, 808), (173, 302), (173, 554), (174, 282), (174, 341), (175, 236), (175, 364), (175, 411), (175, 491), (176, 252), (176, 284), (176, 429), (177, 247), (177, 375), (177, 590), (177, 981), (178, 525), (178, 997), (179, 311), (180, 287), (180, 290), (180, 490), (181, 209), (181, 270), (181, 362), (182, 192), (182, 270), (183, 334), (183, 865), (184, 695), (185, 219), (185, 971), (186, 839), (186, 944), (187, 240), (187, 306), (187, 778), (187, 810), (188, 471), (188, 603), (189, 196), (189, 208), (189, 220), (189, 453), (189, 981), (191, 212), (191, 248), (191, 676), (192, 523), (193, 206), (193, 250), (194, 278), (194, 313), (194, 324), (195, 273), (195, 274), (195, 349), (195, 374), (195, 383), (195, 397), (195, 650), (196, 203), (196, 305), (197, 237), (197, 647), (198, 626), (199, 240), (199, 359), (199, 383), (200, 218), (200, 353), (200, 979), (201, 313), (202, 254), (202, 313), (202, 772), (203, 249), (203, 791), (204, 213), (205, 241), (205, 271), (207, 262), (207, 846), (208, 593), (209, 421), (210, 669), (211, 565), (212, 608), (212, 933), (213, 264), (213, 328), (213, 386), (213, 695), (213, 944), (214, 333), (215, 469), (215, 590), (216, 821), (217, 376), (217, 757), (218, 391), (218, 990), (219, 228), (219, 276), (220, 702), (221, 407), (221, 607), (221, 750), (222, 228), (222, 790), (222, 821), (223, 352), (225, 347), (226, 252), (226, 372), (227, 588), (227, 710), (228, 314), (228, 385), (228, 405), (228, 744), (228, 746), (229, 317), (230, 321), (230, 338), (230, 636), (231, 233), (231, 276), (232, 243), (232, 442), (232, 724), (233, 494), (233, 738), (234, 246), (235, 355), (235, 433), (235, 888), (235, 951), (236, 613), (236, 770), (236, 774), (236, 816), (236, 820), (236, 978), (237, 299), (237, 308), (237, 617), (237, 779), (238, 492), (238, 522), (238, 862), (241, 412), (241, 777), (242, 794), (242, 918), (243, 323), (243, 596), (243, 709), (243, 923), (244, 336), (244, 366), (244, 458), (245, 459), (246, 400), (247, 794), (248, 331), (248, 351), (248, 568), (248, 652), (251, 368), (252, 288), (252, 303), (252, 944), (253, 997), (254, 644), (254, 652), (254, 656), (255, 862), (255, 864), (255, 883), (255, 909), (256, 815), (257, 265), (257, 348), (258, 286), (258, 350), (258, 458), (259, 401), (259, 543), (259, 940), (259, 955), (260, 370), (260, 412), (260, 953), (261, 656), (262, 318), (262, 410), (263, 366), (264, 304), (264, 321), (264, 503), (264, 519), (264, 997), (265, 885), (266, 421), (266, 674), (267, 608), (270, 641), (270, 644), (270, 917), (270, 968), (271, 369), (271, 962), (272, 534), (273, 989), (273, 998), (274, 345), (274, 711), (274, 883), (274, 945), (275, 415), (275, 589), (278, 969), (279, 459), (279, 644), (282, 291), (282, 327), (282, 542), (282, 811), (283, 348), (283, 473), (284, 307), (284, 396), (284, 419), (286, 293), (286, 301), (286, 367), (286, 397), (286, 882), (287, 555), (288, 558), (289, 615), (290, 354), (291, 783), (293, 581), (294, 544), (295, 408), (296, 343), (296, 689), (297, 885), (298, 479), (299, 349), (299, 752), (300, 422), (301, 401), (302, 390), (303, 519), (303, 656), (304, 375), (304, 670), (305, 478), (306, 672), (306, 691), (306, 822), (307, 668), (307, 862), (308, 319), (308, 476), (308, 799), (309, 712), (309, 778), (310, 340), (310, 600), (311, 637), (312, 402), (313, 820), (313, 885), (314, 902), (315, 409), (317, 401), (317, 650), (317, 705), (317, 824), (317, 877), (317, 936), (318, 346), (318, 405), (318, 986), (319, 346), (321, 361), (321, 621), (321, 774), (324, 347), (324, 838), (325, 332), (326, 776), (327, 665), (327, 874), (330, 631), (330, 735), (330, 797), (330, 830), (330, 887), (332, 547), (332, 964), (333, 925), (334, 871), (336, 431), (336, 814), (337, 625), (338, 376), (340, 403), (340, 695), (340, 983), (341, 373), (341, 708), (341, 863), (341, 934), (342, 409), (342, 467), (342, 850), (343, 456), (344, 569), (344, 833), (345, 925), (346, 703), (348, 517), (348, 889), (348, 969), (349, 428), (349, 785), (349, 865), (349, 969), (349, 975), (350, 544), (350, 870), (350, 880), (351, 548), (352, 354), (352, 396), (352, 626), (353, 420), (353, 839), (353, 925), (354, 615), (355, 705), (357, 878), (358, 370), (358, 642), (359, 761), (360, 430), (360, 751), (361, 954), (362, 715), (365, 969), (366, 508), (367, 828), (368, 961), (369, 418), (369, 500), (370, 385), (370, 418), (370, 460), (370, 581), (372, 373), (372, 394), (372, 823), (372, 830), (373, 419), (373, 574), (373, 672), (375, 466), (376, 558), (380, 936), (381, 716), (381, 832), (381, 990), (382, 618), (382, 884), (383, 479), (383, 702), (385, 404), (385, 407), (386, 476), (386, 579), (386, 587), (386, 936), (388, 444), (389, 417), (389, 541), (390, 605), (391, 415), (391, 686), (391, 715), (391, 882), (394, 512), (394, 572), (395, 960), (396, 492), (396, 699), (396, 865), (399, 439), (399, 833), (399, 844), (400, 475), (400, 917), (401, 442), (401, 484), (401, 901), (403, 776), (404, 528), (404, 942), (406, 557), (407, 738), (407, 922), (408, 423), (409, 601), (409, 787), (410, 497), (410, 573), (410, 806), (413, 852), (414, 871), (415, 697), (415, 770), (416, 464), (416, 552), (417, 883), (417, 990), (418, 816), (419, 953), (420, 454), (420, 762), (422, 800), (423, 488), (423, 581), (424, 425), (424, 426), (424, 438), (424, 461), (424, 489), (424, 926), (424, 987), (425, 428), (425, 432), (425, 433), (425, 454), (425, 489), (425, 639), (425, 685), (425, 725), (425, 800), (425, 933), (426, 427), (426, 430), (426, 431), (426, 448), (426, 510), (426, 583), (426, 633), (426, 651), (426, 759), (427, 700), (427, 772), (428, 429), (428, 434), (428, 443), (428, 661), (428, 884), (429, 439), (429, 496), (430, 452), (430, 609), (430, 766), (430, 953), (431, 435), (431, 440), (431, 445), (431, 669), (431, 677), (432, 458), (432, 631), (433, 436), (433, 441), (433, 474), (433, 594), (433, 777), (433, 879), (433, 928), (434, 476), (434, 486), (434, 527), (434, 532), (434, 668), (434, 704), (434, 974), (435, 437), (435, 447), (435, 483), (435, 728), (436, 584), (436, 618), (436, 627), (437, 450), (438, 442), (438, 457), (438, 490), (439, 451), (439, 525), (439, 590), (439, 629), (439, 862), (440, 463), (440, 554), (441, 444), (442, 446), (442, 526), (442, 572), (442, 579), (442, 733), (442, 775), (443, 492), (443, 752), (443, 960), (444, 453), (444, 542), (444, 725), (445, 456), (445, 470), (445, 488), (445, 595), (445, 628), (445, 697), (446, 553), (446, 878), (446, 900), (446, 962), (447, 449), (447, 477), (447, 863), (448, 471), (448, 550), (448, 683), (448, 777), (448, 820), (449, 459), (449, 466), (449, 531), (449, 610), (449, 742), (450, 455), (450, 469), (450, 495), (450, 654), (450, 818), (450, 956), (451, 491), (451, 804), (451, 904), (452, 576), (452, 591), (452, 787), (453, 528), (453, 882), (453, 973), (454, 561), (454, 562), (454, 618), (454, 944), (455, 460), (455, 493), (455, 857), (455, 964), (456, 464), (456, 471), (456, 605), (456, 688), (457, 465), (457, 468), (457, 487), (457, 557), (457, 737), (458, 481), (458, 518), (458, 972), (459, 462), (459, 513), (459, 520), (459, 548), (459, 742), (460, 745), (460, 835), (460, 861), (460, 943), (460, 968), (461, 475), (461, 604), (461, 610), (461, 953), (462, 503), (462, 512), (462, 742), (462, 986), (463, 601), (463, 665), (464, 467), (464, 557), (464, 782), (464, 965), (465, 514), (465, 522), (465, 534), (465, 608), (465, 692), (466, 473), (466, 479), (466, 480), (466, 482), (466, 525), (466, 539), (466, 613), (466, 731), (466, 809), (466, 947), (467, 500), (467, 689), (467, 699), (467, 911), (468, 472), (468, 475), (468, 535), (468, 602), (469, 529), (469, 711), (470, 958), (470, 998), (471, 494), (471, 589), (471, 649), (472, 808), (472, 859), (472, 913), (473, 478), (473, 593), (473, 918), (474, 636), (474, 896), (475, 512), (475, 734), (475, 753), (476, 506), (476, 586), (476, 635), (476, 930), (477, 528), (477, 806), (477, 850), (477, 895), (478, 501), (478, 504), (478, 689), (478, 846), (479, 484), (479, 497), (479, 508), (479, 609), (479, 932), (480, 485), (480, 571), (480, 643), (480, 821), (481, 567), (481, 810), (481, 936), (482, 551), (482, 595), (482, 746), (483, 579), (483, 778), (484, 520), (484, 524), (484, 582), (484, 911), (485, 517), (485, 533), (485, 646), (485, 937), (486, 505), (486, 547), (486, 663), (487, 508), (487, 776), (487, 817), (487, 822), (488, 509), (488, 544), (488, 599), (488, 806), (489, 498), (489, 499), (489, 565), (489, 623), (490, 657), (490, 798), (491, 570), (491, 729), (492, 502), (492, 549), (492, 568), (492, 674), (492, 710), (492, 841), (493, 520), (493, 658), (493, 682), (493, 723), (493, 732), (494, 515), (494, 552), (494, 632), (494, 680), (494, 685), (494, 705), (494, 929), (495, 603), (495, 607), (495, 710), (496, 798), (497, 521), (497, 523), (497, 789), (497, 851), (497, 877), (498, 555), (498, 660), (499, 539), (499, 725), (499, 731), (500, 515), (500, 540), (500, 599), (500, 637), (501, 870), (502, 511), (502, 610), (502, 690), (503, 546), (503, 575), (503, 901), (503, 961), (504, 541), (504, 634), (504, 951), (505, 507), (505, 530), (505, 571), (505, 712), (506, 560), (507, 531), (507, 596), (507, 656), (508, 531), (508, 623), (508, 750), (508, 961), (509, 642), (509, 878), (509, 915), (510, 634), (510, 879), (511, 536), (511, 698), (511, 773), (512, 570), (512, 662), (512, 720), (512, 842), (513, 545), (513, 587), (513, 797), (514, 538), (514, 550), (515, 570), (515, 573), (515, 758), (515, 847), (517, 519), (517, 714), (518, 884), (519, 647), (519, 975), (521, 615), (522, 556), (522, 724), (522, 937), (523, 845), (523, 913), (524, 537), (524, 578), (524, 667), (524, 979), (525, 537), (525, 592), (525, 974), (526, 650), (526, 651), (527, 577), (527, 646), (527, 679), (528, 569), (529, 685), (529, 752), (530, 659), (530, 915), (531, 812), (531, 966), (532, 778), (532, 818), (532, 986), (533, 558), (533, 581), (533, 866), (533, 917), (534, 677), (535, 574), (535, 671), (535, 702), (535, 717), (535, 781), (536, 578), (536, 644), (536, 865), (536, 982), (537, 559), (537, 787), (537, 795), (538, 851), (540, 754), (541, 828), (542, 543), (542, 563), (542, 821), (545, 598), (545, 681), (545, 871), (546, 551), (546, 614), (546, 916), (546, 918), (546, 950), (546, 982), (547, 724), (547, 808), (547, 833), (547, 930), (548, 653), (548, 672), (548, 724), (549, 703), (549, 760), (549, 776), (549, 893), (549, 954), (550, 563), (551, 583), (551, 589), (551, 943), (552, 658), (552, 830), (552, 931), (553, 588), (553, 630), (553, 825), (553, 828), (554, 570), (555, 954), (556, 932), (556, 994), (557, 621), (557, 716), (558, 606), (558, 649), (558, 782), (558, 832), (558, 837), (558, 908), (558, 947), (559, 579), (559, 581), (560, 722), (560, 802), (561, 622), (561, 800), (562, 608), (562, 853), (563, 767), (565, 617), (565, 638), (565, 745), (565, 755), (567, 611), (567, 653), (568, 585), (568, 604), (568, 705), (569, 619), (570, 774), (570, 776), (571, 597), (571, 723), (571, 830), (572, 587), (574, 830), (575, 675), (575, 868), (576, 619), (576, 809), (577, 580), (577, 612), (577, 687), (577, 746), (577, 927), (578, 583), (578, 736), (578, 924), (578, 992), (579, 592), (579, 780), (580, 786), (581, 669), (581, 748), (582, 816), (582, 858), (583, 643), (583, 981), (584, 620), (584, 696), (584, 869), (584, 968), (585, 752), (585, 992), (586, 629), (586, 914), (587, 600), (587, 708), (587, 773), (588, 700), (588, 701), (588, 975), (589, 976), (590, 599), (590, 779), (590, 794), (591, 625), (591, 682), (592, 646), (592, 862), (593, 611), (593, 837), (594, 684), (594, 810), (594, 823), (596, 650), (596, 763), (596, 794), (596, 847), (597, 751), (597, 912), (597, 961), (598, 612), (599, 730), (599, 852), (600, 887), (601, 626), (601, 811), (601, 953), (601, 978), (602, 691), (602, 877), (603, 631), (603, 771), (604, 739), (604, 740), (604, 843), (604, 885), (605, 829), (606, 700), (606, 974), (606, 975), (607, 635), (609, 778), (609, 894), (610, 696), (611, 746), (611, 844), (613, 718), (613, 741), (614, 876), (615, 652), (615, 676), (615, 740), (615, 864), (617, 883), (618, 661), (618, 772), (620, 622), (623, 698), (625, 816), (625, 860), (625, 984), (626, 686), (626, 724), (626, 990), (627, 634), (627, 648), (628, 937), (629, 848), (629, 932), (629, 998), (630, 899), (631, 806), (633, 692), (633, 829), (633, 898), (634, 795), (634, 914), (635, 677), (636, 654), (637, 715), (638, 641), (639, 785), (643, 673), (643, 754), (643, 792), (644, 850), (644, 904), (646, 649), (646, 770), (646, 930), (649, 660), (649, 715), (649, 768), (650, 684), (651, 670), (651, 769), (651, 925), (651, 994), (652, 666), (652, 726), (652, 983), (654, 780), (656, 706), (656, 827), (657, 738), (657, 808), (660, 826), (660, 860), (661, 815), (661, 946), (662, 675), (662, 780), (662, 816), (662, 871), (662, 929), (663, 845), (663, 865), (663, 916), (665, 735), (665, 790), (666, 984), (667, 683), (667, 766), (668, 720), (668, 938), (669, 993), (670, 729), (670, 776), (671, 739), (671, 770), (671, 977), (672, 888), (673, 805), (673, 857), (673, 893), (675, 941), (676, 792), (677, 678), (677, 681), (678, 705), (679, 759), (679, 988), (680, 695), (680, 846), (680, 895), (682, 736), (683, 886), (683, 912), (684, 938), (684, 966), (685, 687), (686, 721), (687, 796), (688, 761), (688, 945), (690, 759), (692, 887), (695, 905), (696, 939), (696, 965), (697, 861), (698, 789), (698, 839), (698, 859), (698, 874), (700, 964), (700, 971), (701, 757), (701, 836), (701, 927), (701, 979), (703, 837), (704, 791), (705, 709), (706, 722), (706, 878), (709, 987), (710, 992), (711, 727), (711, 797), (712, 732), (712, 796), (712, 885), (712, 926), (714, 950), (715, 733), (716, 816), (717, 744), (717, 894), (720, 748), (720, 786), (721, 942), (722, 741), (722, 755), (722, 774), (722, 884), (722, 984), (724, 797), (725, 833), (726, 768), (727, 814), (727, 934), (727, 966), (728, 871), (729, 741), (730, 895), (731, 838), (731, 863), (731, 943), (732, 760), (733, 749), (733, 818), (734, 735), (734, 992), (735, 911), (735, 980), (737, 781), (737, 803), (738, 741), (738, 831), (739, 848), (739, 974), (740, 908), (741, 756), (741, 867), (744, 790), (744, 977), (745, 909), (745, 978), (746, 798), (750, 785), (750, 842), (750, 923), (751, 910), (751, 945), (753, 762), (753, 824), (755, 854), (756, 783), (756, 863), (758, 897), (759, 920), (760, 791), (761, 836), (763, 764), (763, 783), (763, 819), (763, 900), (764, 868), (769, 882), (769, 903), (771, 783), (772, 946), (774, 951), (776, 827), (777, 827), (779, 807), (779, 838), (779, 985), (780, 963), (780, 997), (781, 825), (781, 944), (782, 870), (783, 827), (785, 989), (787, 934), (795, 799), (796, 899), (797, 894), (797, 919), (797, 983), (798, 869), (799, 895), (800, 919), (800, 994), (802, 860), (803, 918), (803, 933), (805, 951), (806, 889), (807, 883), (810, 986), (810, 991), (812, 854), (815, 821), (816, 829), (816, 956), (816, 969), (817, 847), (818, 997), (819, 906), (820, 832), (821, 912), (821, 958), (822, 906), (824, 961), (826, 885), (827, 902), (831, 980), (835, 987), (837, 933), (839, 905), (841, 997), (845, 914), (846, 907), (847, 907), (851, 880), (852, 886), (854, 868), (858, 919), (858, 985), (862, 991), (863, 950), (864, 872), (866, 974), (867, 998), (874, 996), (879, 936), (879, 986), (880, 994), (883, 903), (886, 976), (887, 983), (887, 997), (889, 904), (889, 907), (889, 909), (895, 962), (895, 970), (896, 955), (905, 975), (906, 941), (907, 997), (913, 971), (915, 954), (916, 922), (920, 923), (922, 990), (922, 992), (924, 940), (924, 973), (928, 939), (931, 955), (934, 955), (960, 987), (963, 996), (965, 976), (970, 974)}

Articulation Points (Cut Vertices): 22 25 26 42 44 45 50 88 90 104 117 153 204 220 233 234 254 255 261 270 314 319 331 337 356 442 452 473 476 498 502 509 512 527 529 531 532 535 554 573 578 598 608 611 615 619 621 627 645 651 671 716 722 730 748 763 788 798 820 826 836 850 872 924 934 935 
