
--- Chain decomposition algorithm's results ---
Total Biconnected Components (BCCs) found: 9
BCC 1 (Bridge): {(45, 61)}
BCC 2 (Bridge): {(631, 1050)}
BCC 3 (Bridge): {(920, 1085)}
BCC 4 (Bridge): {(601, 743)}
BCC 5 (Bridge): {(601, 666)}
BCC 6 (Bridge): {(296, 365)}
BCC 7 (Bridge): {(254, 438)}
BCC 8 (Bridge): {(496, 1146)}
BCC 9 (Triangle 9): {(0, 1), (0, 19), (0, 77), (0, 82), (0, 125), (0, 133), (0, 464), (0, 693), (0, 997), (0, 1126), (1, 2), (1, 3), (1, 4), (1, 9), (1, 23), (1, 29), (1, 91), (1, 102), (1, 161), (1, 468), (1, 607), (1, 858), (1, 949), (2, 5), (2, 6), (2, 11), (2, 65), (2, 75), (2, 87), (2, 406), (2, 705), (2, 885), (2, 998), (3, 7), (3, 8), (3, 51), (3, 57), (3, 202), (3, 285), (3, 602), (4, 13), (4, 109), (4, 114), (4, 119), (4, 153), (4, 292), (4, 602), (4, 880), (5, 30), (5, 43), (5, 80), (5, 89), (5, 98), (5, 103), (5, 201), (5, 366), (5, 503), (5, 633), (5, 769), (5, 786), (6, 34), (6, 57), (6, 163), (6, 689), (7, 10), (7, 15), (7, 17), (7, 21), (7, 46), (7, 233), (7, 412), (7, 424), (7, 474), (7, 494), (7, 805), (7, 937), (8, 28), (8, 37), (8, 58), (8, 138), (8, 142), (8, 149), (8, 174), (8, 330), (8, 340), (8, 376), (8, 381), (8, 410), (8, 414), (9, 12), (9, 60), (9, 65), (9, 102), (9, 412), (9, 488), (9, 614), (9, 707), (9, 964), (10, 27), (10, 39), (10, 44), (10, 131), (10, 134), (10, 606), (10, 774), (10, 811), (10, 876), (11, 41), (11, 562), (11, 644), (12, 14), (12, 25), (12, 363), (12, 442), (12, 500), (12, 587), (13, 16), (13, 94), (13, 310), (13, 634), (13, 939), (14, 35), (14, 36), (14, 48), (14, 107), (14, 176), (14, 186), (14, 630), (14, 974), (14, 1000), (14, 1120), (15, 136), (15, 202), (15, 390), (15, 733), (15, 894), (15, 966), (16, 201), (16, 256), (16, 274), (16, 338), (16, 509), (16, 544), (16, 561), (16, 783), (17, 18), (17, 20), (17, 125), (17, 130), (17, 421), (17, 500), (17, 780), (17, 888), (17, 963), (18, 22), (18, 661), (18, 850), (18, 858), (18, 935), (18, 989), (19, 52), (19, 193), (19, 208), (19, 222), (20, 33), (20, 119), (20, 824), (21, 66), (21, 68), (21, 88), (21, 96), (21, 99), (21, 104), (21, 127), (21, 579), (21, 606), (22, 32), (22, 49), (22, 117), (22, 124), (22, 443), (22, 601), (22, 1054), (23, 24), (23, 100), (23, 173), (23, 209), (23, 440), (23, 583), (23, 674), (24, 26), (24, 47), (24, 121), (24, 211), (24, 551), (24, 778), (24, 809), (25, 216), (25, 225), (25, 310), (25, 503), (25, 827), (25, 888), (25, 954), (26, 62), (26, 71), (26, 106), (26, 123), (26, 183), (26, 330), (26, 424), (26, 909), (26, 1078), (26, 1097), (27, 56), (27, 60), (27, 75), (27, 85), (27, 282), (27, 499), (27, 696), (27, 913), (28, 31), (28, 63), (28, 116), (28, 121), (28, 327), (28, 592), (28, 824), (29, 38), (29, 137), (29, 631), (29, 642), (29, 659), (30, 107), (30, 187), (30, 212), (30, 332), (30, 772), (31, 40), (31, 122), (31, 169), (32, 170), (32, 231), (32, 268), (32, 301), (32, 544), (32, 835), (32, 1148), (33, 73), (33, 111), (33, 160), (33, 192), (33, 218), (33, 265), (33, 277), (33, 472), (33, 515), (33, 935), (33, 1149), (34, 42), (34, 185), (34, 418), (34, 477), (34, 663), (34, 872), (34, 980), (34, 1078), (35, 110), (35, 149), (35, 574), (35, 585), (35, 750), (35, 772), (36, 45), (36, 54), (36, 188), (36, 252), (37, 509), (37, 553), (37, 642), (38, 69), (38, 81), (38, 105), (38, 237), (38, 452), (38, 514), (38, 569), (38, 668), (39, 132), (39, 195), (39, 1138), (40, 196), (40, 200), (40, 278), (40, 926), (41, 50), (41, 153), (41, 157), (41, 174), (41, 179), (41, 492), (41, 572), (41, 1048), (42, 65), (42, 703), (42, 1030), (42, 1115), (42, 1118), (43, 910), (43, 939), (44, 82), (44, 120), (44, 135), (44, 173), (44, 373), (44, 376), (44, 443), (44, 628), (44, 711), (44, 902), (45, 70), (45, 937), (46, 85), (46, 204), (46, 219), (46, 318), (46, 425), (46, 457), (46, 975), (46, 983), (46, 1043), (47, 74), (47, 103), (47, 277), (47, 350), (47, 703), (47, 724), (47, 860), (47, 1018), (48, 614), (48, 729), (49, 53), (49, 150), (49, 152), (49, 272), (49, 416), (49, 584), (49, 904), (49, 955), (49, 1105), (49, 1145), (50, 64), (50, 179), (50, 192), (50, 590), (50, 600), (50, 801), (50, 1048), (50, 1089), (51, 170), (51, 576), (51, 606), (51, 762), (51, 1145), (52, 55), (52, 86), (52, 211), (52, 263), (52, 335), (52, 883), (52, 924), (53, 59), (53, 83), (53, 149), (53, 165), (53, 443), (53, 504), (53, 530), (54, 256), (54, 268), (54, 274), (55, 80), (55, 100), (55, 144), (55, 145), (55, 233), (55, 310), (55, 314), (55, 601), (55, 981), (56, 286), (56, 491), (56, 716), (56, 1091), (57, 76), (57, 138), (57, 143), (57, 657), (57, 683), (57, 907), (58, 67), (58, 224), (58, 310), (58, 494), (58, 577), (58, 729), (58, 868), (58, 979), (59, 161), (59, 168), (59, 228), (59, 485), (59, 492), (59, 501), (59, 722), (60, 254), (60, 315), (60, 649), (60, 710), (60, 787), (62, 72), (62, 119), (62, 128), (62, 151), (62, 189), (62, 569), (62, 794), (62, 916), (62, 1032), (63, 84), (63, 155), (63, 318), (63, 475), (63, 879), (64, 76), (64, 78), (64, 355), (64, 855), (64, 1096), (65, 356), (65, 358), (65, 568), (65, 880), (66, 119), (66, 275), (66, 675), (66, 825), (67, 227), (67, 271), (67, 726), (67, 901), (67, 1114), (68, 108), (68, 171), (68, 207), (68, 615), (68, 837), (69, 79), (69, 90), (69, 112), (69, 166), (69, 172), (69, 582), (69, 1036), (69, 1116), (69, 1141), (70, 234), (70, 289), (70, 645), (70, 775), (70, 1136), (71, 199), (72, 95), (72, 140), (72, 148), (72, 359), (73, 113), (73, 537), (73, 801), (73, 877), (73, 1043), (74, 115), (74, 714), (74, 1127), (75, 154), (75, 242), (75, 523), (75, 548), (75, 983), (76, 97), (76, 152), (76, 186), (76, 196), (76, 248), (76, 521), (76, 968), (76, 1022), (77, 107), (77, 426), (77, 443), (77, 696), (78, 173), (78, 271), (78, 631), (79, 108), (79, 196), (79, 330), (79, 655), (79, 1135), (80, 114), (80, 181), (81, 148), (81, 236), (81, 381), (81, 488), (81, 501), (81, 926), (82, 941), (82, 1048), (83, 465), (83, 773), (83, 883), (83, 1139), (84, 134), (84, 141), (84, 193), (84, 240), (84, 1043), (85, 92), (85, 101), (85, 130), (85, 178), (85, 811), (85, 975), (86, 139), (86, 403), (86, 950), (87, 94), (87, 169), (87, 213), (87, 344), (87, 651), (87, 1035), (88, 135), (88, 136), (88, 164), (88, 169), (88, 272), (89, 141), (89, 242), (89, 541), (89, 653), (89, 739), (90, 477), (90, 759), (90, 861), (91, 93), (91, 129), (91, 197), (91, 355), (91, 529), (91, 637), (92, 287), (92, 367), (92, 611), (92, 635), (92, 681), (92, 830), (92, 856), (92, 1024), (93, 397), (93, 636), (93, 957), (93, 1117), (94, 195), (94, 296), (94, 463), (94, 691), (94, 930), (95, 133), (95, 198), (95, 227), (95, 288), (95, 339), (95, 568), (96, 233), (96, 360), (96, 486), (96, 702), (96, 815), (96, 931), (97, 557), (97, 638), (97, 918), (98, 101), (98, 203), (98, 289), (98, 581), (99, 104), (99, 136), (99, 146), (99, 195), (99, 821), (99, 972), (99, 1107), (100, 156), (100, 180), (100, 380), (100, 660), (100, 880), (100, 1071), (101, 220), (101, 537), (101, 609), (101, 779), (101, 801), (101, 948), (101, 1069), (102, 191), (102, 230), (102, 772), (102, 862), (102, 1035), (103, 144), (103, 244), (103, 471), (103, 970), (104, 106), (104, 937), (104, 1072), (105, 122), (105, 209), (105, 300), (105, 841), (105, 887), (106, 443), (106, 573), (106, 677), (106, 789), (106, 939), (106, 1082), (107, 487), (107, 496), (107, 771), (107, 1013), (108, 232), (108, 930), (109, 159), (109, 170), (109, 291), (109, 609), (109, 802), (109, 983), (109, 1038), (110, 710), (111, 292), (111, 378), (111, 730), (111, 957), (112, 833), (113, 177), (113, 309), (113, 409), (113, 709), (113, 1130), (114, 191), (114, 212), (114, 221), (114, 492), (114, 552), (115, 118), (115, 496), (115, 520), (115, 543), (115, 965), (116, 119), (116, 405), (116, 646), (116, 1089), (117, 195), (117, 311), (117, 596), (117, 906), (118, 675), (118, 785), (118, 1142), (119, 286), (119, 522), (119, 705), (120, 163), (120, 337), (120, 965), (120, 1108), (121, 235), (121, 425), (121, 1011), (121, 1112), (122, 126), (122, 143), (122, 151), (122, 429), (122, 739), (122, 1086), (123, 194), (123, 205), (123, 226), (124, 355), (124, 853), (125, 139), (125, 470), (125, 489), (125, 577), (125, 759), (125, 979), (126, 173), (126, 764), (127, 145), (127, 190), (127, 462), (128, 749), (128, 937), (129, 145), (129, 863), (130, 225), (130, 240), (130, 295), (130, 426), (130, 437), (130, 592), (130, 637), (130, 713), (130, 905), (130, 1038), (131, 136), (131, 573), (131, 648), (131, 925), (131, 1006), (131, 1052), (132, 285), (132, 512), (132, 686), (132, 722), (133, 190), (133, 872), (133, 955), (133, 1104), (134, 574), (134, 847), (135, 517), (135, 547), (135, 887), (135, 1053), (135, 1132), (136, 593), (136, 730), (136, 795), (136, 1051), (136, 1064), (136, 1142), (137, 162), (137, 166), (137, 231), (137, 300), (137, 712), (137, 856), (138, 565), (138, 794), (140, 532), (140, 609), (140, 618), (141, 146), (141, 435), (141, 503), (141, 1126), (141, 1147), (142, 413), (142, 557), (142, 648), (143, 147), (143, 284), (144, 165), (144, 210), (144, 445), (144, 531), (144, 1013), (145, 181), (145, 406), (145, 843), (146, 226), (146, 282), (146, 489), (146, 701), (146, 731), (146, 842), (146, 965), (147, 500), (147, 587), (147, 670), (147, 890), (147, 1100), (148, 175), (148, 397), (148, 595), (148, 929), (149, 268), (149, 299), (149, 424), (150, 180), (150, 197), (150, 217), (150, 347), (150, 787), (150, 799), (150, 1143), (151, 158), (151, 514), (151, 892), (152, 205), (152, 213), (152, 871), (153, 179), (153, 183), (153, 428), (153, 992), (154, 233), (154, 498), (154, 524), (154, 583), (154, 813), (154, 848), (155, 437), (155, 486), (155, 529), (155, 649), (155, 789), (156, 182), (156, 214), (156, 638), (156, 658), (156, 1111), (157, 184), (157, 339), (157, 787), (157, 792), (157, 886), (157, 962), (157, 1023), (158, 221), (158, 527), (158, 617), (158, 1074), (158, 1118), (158, 1123), (159, 161), (159, 214), (159, 891), (160, 483), (160, 710), (160, 976), (161, 188), (161, 195), (161, 385), (161, 464), (162, 289), (162, 816), (163, 252), (163, 560), (163, 908), (163, 1035), (163, 1134), (164, 208), (164, 213), (164, 531), (164, 542), (164, 643), (164, 726), (164, 903), (165, 167), (165, 225), (165, 265), (165, 475), (165, 709), (166, 364), (167, 320), (167, 1112), (168, 287), (168, 580), (168, 687), (168, 901), (169, 479), (169, 659), (169, 673), (169, 906), (170, 171), (170, 238), (170, 1024), (171, 774), (171, 786), (171, 883), (172, 422), (172, 426), (172, 672), (173, 388), (173, 589), (174, 231), (174, 358), (174, 534), (174, 1067), (175, 423), (175, 639), (175, 813), (176, 202), (176, 622), (176, 654), (176, 858), (176, 918), (176, 980), (177, 437), (177, 650), (177, 657), (177, 1121), (178, 618), (179, 223), (179, 878), (180, 260), (180, 592), (180, 610), (180, 1120), (181, 279), (181, 496), (181, 543), (181, 839), (181, 945), (181, 970), (181, 976), (182, 382), (183, 731), (184, 229), (184, 724), (184, 866), (184, 1084), (185, 597), (185, 614), (185, 782), (185, 906), (185, 1052), (186, 516), (186, 718), (186, 1114), (187, 1013), (188, 244), (188, 558), (188, 567), (188, 664), (188, 760), (188, 828), (189, 538), (189, 1107), (190, 234), (190, 718), (190, 848), (190, 857), (190, 1045), (191, 218), (191, 274), (191, 512), (191, 756), (191, 1074), (192, 297), (192, 344), (192, 378), (192, 514), (192, 642), (192, 663), (192, 874), (192, 1017), (192, 1051), (192, 1075), (192, 1114), (193, 285), (193, 290), (193, 498), (194, 870), (194, 1058), (195, 287), (195, 560), (195, 590), (195, 670), (195, 1045), (196, 592), (196, 850), (196, 963), (196, 994), (197, 205), (197, 901), (198, 206), (198, 610), (198, 655), (198, 828), (199, 298), (199, 934), (200, 320), (200, 425), (200, 633), (201, 400), (201, 562), (201, 980), (201, 1046), (202, 429), (202, 466), (203, 215), (203, 323), (203, 771), (204, 354), (204, 420), (204, 526), (204, 634), (204, 721), (204, 1097), (204, 1119), (205, 228), (205, 380), (205, 556), (205, 576), (205, 642), (205, 661), (205, 837), (206, 321), (206, 394), (207, 267), (207, 355), (207, 483), (207, 806), (207, 845), (208, 307), (208, 651), (208, 763), (209, 356), (209, 589), (209, 876), (209, 1078), (210, 689), (210, 829), (210, 860), (210, 892), (210, 911), (211, 583), (211, 609), (211, 645), (211, 857), (211, 1005), (211, 1069), (212, 820), (212, 830), (213, 656), (213, 1042), (213, 1070), (214, 476), (214, 797), (215, 545), (216, 896), (217, 277), (217, 373), (217, 490), (217, 756), (217, 860), (218, 233), (218, 239), (218, 665), (218, 820), (218, 836), (218, 873), (218, 1004), (219, 486), (219, 656), (220, 347), (220, 360), (220, 580), (220, 851), (221, 670), (221, 770), (222, 817), (222, 942), (223, 793), (224, 371), (224, 550), (224, 683), (224, 801), (225, 616), (225, 725), (225, 997), (225, 1125), (226, 254), (226, 630), (227, 249), (227, 455), (227, 617), (227, 704), (228, 244), (228, 1042), (229, 473), (230, 464), (232, 296), (232, 384), (232, 632), (232, 821), (233, 631), (233, 664), (233, 685), (233, 800), (233, 888), (233, 1098), (234, 301), (234, 369), (234, 1009), (234, 1014), (235, 351), (235, 797), (235, 869), (236, 504), (236, 1143), (237, 247), (237, 467), (237, 1014), (238, 383), (238, 765), (238, 1026), (239, 439), (239, 509), (240, 592), (240, 638), (241, 242), (241, 245), (241, 248), (241, 253), (241, 254), (241, 269), (241, 274), (241, 314), (241, 435), (241, 1054), (242, 243), (242, 244), (242, 246), (242, 250), (242, 262), (242, 478), (242, 605), (242, 615), (242, 1076), (243, 267), (243, 392), (243, 421), (243, 426), (243, 431), (243, 713), (243, 827), (243, 970), (243, 990), (244, 252), (244, 266), (244, 287), (244, 409), (244, 422), (244, 735), (245, 260), (245, 372), (245, 449), (246, 247), (246, 257), (246, 264), (246, 319), (246, 334), (246, 482), (246, 495), (246, 561), (246, 752), (246, 972), (247, 249), (247, 263), (247, 276), (247, 278), (247, 280), (247, 283), (247, 1116), (247, 1122), (248, 251), (248, 270), (248, 336), (248, 346), (248, 441), (248, 616), (248, 1071), (249, 258), (249, 261), (249, 279), (249, 294), (249, 295), (249, 298), (249, 304), (250, 255), (250, 256), (250, 584), (250, 707), (250, 776), (251, 259), (251, 272), (251, 431), (251, 448), (252, 268), (252, 306), (252, 480), (252, 773), (252, 1010), (252, 1104), (252, 1134), (253, 333), (253, 454), (253, 1122), (254, 278), (254, 450), (254, 912), (254, 982), (254, 1141), (255, 312), (255, 902), (255, 937), (255, 1142), (256, 285), (256, 820), (256, 857), (256, 1087), (256, 1097), (257, 295), (257, 302), (257, 1060), (258, 277), (258, 316), (258, 444), (258, 453), (258, 681), (258, 682), (258, 863), (258, 930), (259, 625), (259, 794), (259, 796), (259, 957), (259, 980), (260, 284), (260, 305), (260, 453), (260, 732), (260, 1129), (261, 275), (261, 384), (261, 443), (261, 1106), (262, 275), (262, 308), (262, 327), (262, 337), (262, 361), (262, 457), (262, 984), (262, 1002), (262, 1051), (263, 265), (263, 269), (263, 273), (263, 277), (263, 415), (263, 419), (263, 473), (263, 589), (263, 594), (263, 677), (263, 851), (264, 299), (264, 313), (264, 367), (264, 410), (264, 472), (264, 655), (264, 1087), (265, 357), (265, 846), (266, 324), (266, 676), (266, 842), (267, 325), (267, 377), (267, 777), (268, 271), (268, 393), (268, 772), (268, 1086), (269, 289), (269, 455), (269, 1093), (270, 292), (270, 296), (270, 319), (270, 449), (270, 835), (270, 855), (270, 1015), (270, 1125), (271, 308), (271, 326), (271, 351), (271, 820), (271, 965), (271, 1087), (271, 1092), (272, 290), (272, 435), (272, 740), (272, 763), (273, 309), (273, 377), (273, 450), (273, 785), (273, 942), (273, 1148), (274, 288), (274, 637), (275, 369), (275, 432), (275, 467), (275, 653), (275, 822), (276, 330), (276, 345), (276, 416), (276, 997), (277, 309), (277, 541), (277, 607), (277, 623), (277, 951), (277, 970), (277, 995), (278, 281), (278, 291), (278, 343), (278, 846), (279, 297), (279, 315), (279, 444), (279, 488), (279, 561), (279, 569), (279, 649), (280, 559), (280, 735), (280, 878), (280, 949), (281, 282), (281, 293), (281, 388), (281, 395), (281, 402), (282, 310), (282, 344), (282, 363), (282, 412), (282, 468), (282, 686), (282, 760), (282, 833), (283, 286), (283, 310), (283, 348), (283, 551), (283, 576), (283, 600), (283, 725), (284, 321), (284, 338), (284, 378), (284, 386), (284, 398), (284, 411), (284, 428), (284, 531), (284, 615), (284, 744), (284, 834), (285, 300), (285, 371), (285, 389), (285, 401), (285, 419), (285, 634), (285, 1072), (285, 1101), (286, 332), (286, 334), (286, 353), (286, 445), (286, 466), (286, 469), (286, 629), (286, 631), (286, 791), (286, 891), (286, 1086), (287, 390), (287, 395), (287, 407), (287, 449), (287, 653), (288, 301), (288, 369), (288, 443), (288, 513), (288, 570), (288, 854), (288, 1063), (288, 1098), (289, 322), (289, 401), (289, 404), (289, 871), (289, 875), (289, 1077), (290, 442), (290, 635), (290, 654), (290, 809), (290, 1003), (291, 489), (292, 463), (292, 853), (292, 920), (292, 1105), (292, 1130), (293, 426), (293, 531), (293, 747), (294, 413), (294, 909), (294, 981), (294, 1136), (294, 1137), (295, 336), (295, 450), (295, 692), (296, 303), (296, 320), (296, 331), (296, 344), (296, 381), (297, 315), (297, 408), (297, 459), (297, 475), (297, 756), (298, 337), (298, 377), (298, 535), (299, 377), (299, 1061), (299, 1098), (300, 325), (300, 339), (300, 451), (300, 603), (300, 683), (300, 985), (301, 328), (301, 401), (301, 553), (301, 606), (301, 1002), (302, 317), (302, 368), (303, 370), (303, 413), (303, 460), (304, 318), (304, 321), (304, 327), (304, 498), (304, 574), (304, 732), (305, 307), (305, 350), (305, 371), (305, 406), (305, 541), (305, 759), (305, 1075), (306, 623), (306, 1025), (306, 1118), (307, 347), (307, 495), (307, 543), (307, 900), (308, 355), (308, 356), (308, 401), (308, 436), (308, 1011), (308, 1084), (309, 374), (309, 378), (309, 487), (310, 311), (310, 316), (310, 341), (310, 360), (310, 510), (310, 812), (311, 330), (311, 414), (311, 585), (311, 658), (311, 952), (312, 330), (312, 464), (312, 482), (313, 446), (313, 594), (313, 986), (313, 1064), (313, 1137), (314, 323), (314, 416), (314, 639), (315, 358), (315, 434), (315, 593), (315, 910), (315, 919), (316, 328), (316, 329), (316, 437), (316, 772), (316, 947), (316, 1105), (317, 399), (317, 469), (317, 581), (318, 468), (318, 669), (318, 728), (319, 380), (319, 491), (319, 534), (319, 910), (319, 933), (320, 335), (321, 343), (321, 472), (321, 575), (321, 990), (322, 349), (322, 382), (322, 418), (322, 572), (322, 692), (322, 757), (323, 409), (323, 729), (324, 498), (325, 352), (325, 499), (325, 501), (325, 1070), (326, 342), (326, 458), (326, 578), (326, 590), (327, 337), (327, 407), (327, 608), (327, 803), (327, 852), (327, 1134), (328, 437), (328, 806), (329, 814), (330, 353), (330, 364), (330, 391), (330, 719), (330, 812), (331, 366), (331, 396), (331, 437), (331, 465), (332, 340), (333, 379), (333, 440), (333, 817), (334, 894), (334, 975), (334, 1042), (334, 1145), (335, 354), (335, 359), (335, 461), (335, 464), (335, 723), (335, 808), (336, 383), (336, 432), (336, 476), (336, 568), (337, 655), (338, 476), (338, 899), (339, 940), (340, 362), (340, 1020), (340, 1102), (340, 1106), (341, 351), (341, 352), (341, 385), (341, 427), (341, 562), (341, 866), (341, 1086), (341, 1137), (342, 367), (342, 375), (342, 690), (342, 876), (343, 434), (343, 678), (343, 710), (343, 829), (343, 988), (344, 370), (344, 397), (344, 450), (344, 607), (344, 787), (345, 433), (345, 513), (345, 834), (346, 383), (346, 403), (346, 586), (346, 1120), (347, 358), (347, 426), (347, 1031), (348, 481), (348, 647), (348, 925), (348, 1093), (349, 446), (349, 553), (349, 844), (350, 466), (351, 441), (352, 401), (352, 521), (353, 535), (353, 770), (353, 914), (353, 1075), (354, 430), (354, 540), (354, 867), (354, 876), (355, 400), (356, 435), (356, 466), (356, 548), (356, 786), (357, 495), (358, 464), (358, 466), (358, 1138), (359, 471), (359, 582), (359, 661), (359, 1132), (360, 493), (360, 780), (361, 510), (361, 796), (362, 835), (362, 964), (362, 1109), (363, 445), (363, 685), (363, 966), (363, 1049), (364, 376), (364, 848), (364, 1148), (366, 946), (366, 1041), (367, 401), (367, 862), (367, 1008), (368, 533), (368, 834), (368, 1113), (369, 380), (369, 410), (369, 443), (369, 625), (369, 1021), (370, 418), (370, 705), (370, 1070), (371, 373), (371, 455), (371, 547), (371, 744), (372, 825), (373, 410), (373, 922), (374, 995), (374, 999), (374, 1062), (375, 778), (376, 484), (376, 599), (376, 601), (376, 803), (376, 812), (376, 870), (377, 394), (377, 492), (377, 660), (377, 885), (377, 987), (378, 399), (378, 464), (378, 480), (378, 943), (378, 955), (379, 887), (380, 767), (380, 1025), (381, 493), (381, 928), (381, 1113), (382, 402), (382, 528), (382, 569), (382, 803), (383, 387), (383, 762), (384, 553), (384, 831), (384, 877), (384, 1124), (385, 673), (385, 1129), (386, 417), (386, 712), (386, 866), (386, 1142), (387, 418), (387, 706), (387, 835), (388, 444), (388, 458), (388, 523), (388, 610), (388, 959), (389, 439), (389, 913), (390, 829), (391, 405), (391, 420), (391, 461), (391, 676), (391, 839), (391, 959), (392, 474), (392, 1109), (393, 420), (393, 963), (393, 1027), (394, 638), (394, 719), (394, 785), (394, 908), (394, 957), (394, 1062), (394, 1077), (394, 1109), (394, 1134), (395, 497), (395, 879), (396, 423), (396, 430), (396, 604), (397, 529), (397, 643), (397, 865), (397, 1052), (398, 452), (398, 463), (398, 481), (398, 574), (398, 588), (398, 863), (398, 916), (399, 465), (400, 1020), (401, 661), (401, 722), (401, 939), (402, 723), (402, 764), (402, 815), (402, 1015), (402, 1055), (402, 1120), (403, 574), (403, 833), (403, 1126), (404, 653), (405, 598), (405, 876), (406, 408), (406, 447), (406, 607), (406, 820), (406, 995), (406, 1052), (407, 766), (408, 425), (408, 651), (409, 523), (409, 718), (409, 835), (409, 933), (409, 1081), (410, 528), (411, 781), (412, 494), (412, 614), (412, 808), (412, 1083), (413, 1067), (413, 1134), (414, 642), (414, 795), (415, 612), (415, 820), (415, 917), (416, 419), (416, 997), (416, 1139), (417, 423), (417, 447), (418, 429), (418, 479), (418, 696), (418, 875), (418, 990), (419, 447), (419, 724), (420, 424), (420, 987), (420, 1075), (421, 511), (422, 441), (423, 1024), (424, 450), (424, 581), (424, 614), (424, 767), (424, 863), (424, 939), (425, 524), (425, 563), (425, 577), (425, 964), (426, 692), (426, 741), (426, 823), (426, 970), (426, 993), (427, 527), (427, 778), (427, 896), (427, 994), (427, 1147), (428, 457), (428, 783), (428, 1100), (429, 455), (429, 638), (429, 660), (429, 742), (429, 972), (430, 698), (430, 829), (430, 947), (430, 1126), (432, 528), (432, 580), (432, 1008), (432, 1076), (433, 498), (434, 932), (434, 1123), (435, 456), (435, 555), (435, 608), (435, 866), (436, 453), (436, 462), (436, 634), (436, 893), (437, 748), (439, 879), (440, 574), (440, 766), (440, 1028), (440, 1072), (441, 519), (441, 527), (441, 556), (441, 656), (442, 793), (442, 1012), (443, 623), (443, 1072), (443, 1111), (444, 861), (444, 977), (445, 797), (445, 992), (446, 570), (446, 678), (446, 777), (446, 884), (446, 943), (446, 999), (447, 459), (447, 515), (447, 982), (448, 510), (448, 763), (448, 1113), (450, 732), (450, 929), (450, 996), (451, 652), (451, 673), (451, 707), (451, 711), (451, 755), (451, 908), (451, 1019), (452, 862), (452, 1037), (452, 1128), (454, 522), (454, 789), (454, 796), (454, 910), (455, 470), (455, 577), (455, 759), (455, 841), (455, 979), (456, 675), (456, 856), (456, 1020), (457, 1082), (457, 1095), (458, 473), (458, 476), (458, 935), (459, 477), (459, 663), (459, 725), (460, 699), (460, 762), (461, 645), (461, 651), (461, 674), (462, 765), (462, 963), (463, 980), (464, 624), (464, 703), (465, 915), (465, 951), (466, 695), (466, 822), (466, 902), (468, 723), (468, 887), (469, 836), (469, 1087), (471, 487), (471, 903), (471, 1084), (472, 1078), (473, 654), (473, 1144), (474, 478), (474, 557), (474, 866), (475, 619), (475, 654), (475, 729), (475, 744), (476, 864), (477, 534), (477, 650), (477, 1049), (478, 492), (478, 493), (478, 651), (478, 689), (478, 899), (479, 483), (479, 868), (480, 655), (480, 836), (480, 862), (480, 1073), (480, 1077), (481, 688), (481, 1096), (483, 740), (483, 837), (484, 701), (484, 805), (484, 963), (484, 969), (485, 486), (485, 489), (485, 496), (485, 506), (485, 507), (485, 526), (485, 632), (485, 957), (485, 1073), (486, 487), (486, 488), (486, 494), (486, 889), (486, 1100), (487, 490), (487, 492), (487, 500), (487, 516), (487, 574), (487, 613), (487, 719), (487, 922), (487, 1013), (488, 491), (488, 631), (488, 810), (488, 842), (489, 557), (489, 648), (489, 961), (489, 989), (490, 506), (490, 512), (490, 513), (490, 532), (490, 563), (490, 584), (490, 585), (490, 732), (491, 493), (491, 495), (491, 498), (491, 503), (491, 513), (491, 538), (491, 659), (491, 868), (491, 1045), (492, 497), (492, 510), (492, 521), (492, 525), (492, 544), (492, 569), (492, 641), (492, 725), (492, 819), (493, 514), (493, 535), (493, 566), (493, 649), (493, 709), (493, 740), (493, 768), (494, 502), (494, 519), (494, 550), (494, 595), (494, 871), (494, 1063), (495, 509), (495, 556), (495, 596), (495, 622), (495, 724), (495, 1001), (496, 505), (496, 566), (496, 575), (496, 647), (496, 674), (496, 756), (496, 787), (496, 794), (496, 820), (496, 1048), (497, 501), (497, 523), (497, 536), (497, 547), (497, 570), (497, 657), (497, 791), (497, 979), (498, 499), (498, 515), (498, 522), (498, 673), (498, 751), (498, 879), (498, 979), (498, 983), (499, 500), (499, 511), (499, 520), (499, 615), (499, 694), (499, 902), (499, 1066), (500, 588), (500, 703), (500, 710), (500, 773), (500, 809), (500, 853), (500, 976), (500, 1023), (501, 504), (501, 529), (501, 589), (501, 630), (501, 753), (501, 794), (501, 980), (501, 1093), (502, 541), (502, 630), (502, 668), (502, 696), (502, 717), (502, 779), (502, 836), (502, 1026), (503, 508), (503, 530), (503, 543), (503, 582), (503, 686), (503, 700), (503, 742), (503, 843), (503, 1101), (504, 522), (504, 534), (504, 597), (504, 654), (504, 785), (504, 1002), (504, 1046), (504, 1056), (504, 1126), (505, 515), (505, 521), (505, 557), (505, 746), (505, 815), (506, 586), (506, 598), (506, 677), (506, 895), (506, 905), (506, 971), (506, 1100), (507, 540), (507, 549), (507, 581), (507, 629), (507, 701), (507, 1122), (508, 562), (508, 584), (508, 641), (508, 669), (508, 778), (508, 961), (509, 539), (509, 580), (509, 663), (509, 892), (509, 974), (509, 1001), (510, 606), (510, 1059), (511, 524), (511, 559), (511, 694), (511, 939), (512, 518), (512, 533), (512, 789), (512, 795), (512, 906), (512, 964), (513, 517), (513, 589), (513, 599), (513, 718), (514, 548), (515, 801), (515, 1001), (515, 1136), (516, 814), (516, 977), (517, 560), (517, 611), (517, 883), (518, 622), (518, 687), (518, 705), (518, 987), (518, 1024), (518, 1112), (519, 592), (519, 594), (519, 600), (519, 941), (520, 564), (520, 620), (520, 676), (520, 687), (520, 710), (520, 815), (520, 1010), (521, 587), (521, 964), (522, 561), (522, 585), (522, 722), (523, 582), (523, 618), (523, 711), (523, 914), (523, 1015), (523, 1125), (524, 528), (524, 591), (524, 805), (524, 1116), (525, 619), (525, 939), (526, 527), (526, 568), (526, 767), (526, 780), (526, 827), (527, 604), (527, 614), (527, 658), (527, 715), (527, 871), (527, 1005), (527, 1052), (528, 569), (528, 733), (528, 1081), (528, 1096), (528, 1103), (529, 601), (529, 625), (529, 640), (529, 862), (530, 531), (530, 537), (530, 592), (531, 554), (531, 744), (531, 840), (532, 546), (532, 955), (532, 1083), (533, 555), (533, 917), (533, 937), (534, 552), (534, 599), (534, 609), (534, 1144), (535, 626), (535, 959), (536, 552), (536, 851), (536, 1134), (537, 542), (537, 589), (537, 694), (537, 809), (537, 826), (537, 940), (538, 556), (539, 558), (539, 565), (539, 573), (539, 594), (539, 597), (539, 602), (539, 614), (539, 671), (539, 762), (539, 1035), (540, 682), (540, 1145), (541, 573), (541, 590), (541, 651), (541, 665), (541, 768), (542, 612), (542, 618), (542, 872), (542, 918), (542, 950), (542, 1015), (543, 545), (543, 634), (543, 931), (543, 962), (543, 1030), (543, 1110), (544, 550), (544, 691), (545, 551), (545, 567), (545, 644), (545, 734), (545, 799), (545, 1069), (546, 555), (546, 731), (546, 759), (546, 832), (547, 645), (547, 871), (548, 576), (548, 597), (548, 610), (548, 720), (548, 871), (548, 926), (548, 997), (548, 1037), (549, 594), (549, 607), (549, 1030), (550, 571), (550, 684), (550, 700), (550, 921), (550, 1114), (551, 553), (551, 605), (551, 792), (551, 1089), (552, 644), (552, 655), (552, 669), (553, 629), (553, 639), (553, 797), (554, 760), (554, 904), (554, 1010), (554, 1132), (555, 572), (555, 590), (555, 670), (555, 797), (555, 1098), (556, 588), (556, 623), (556, 643), (556, 798), (557, 579), (557, 862), (557, 950), (557, 982), (558, 587), (558, 610), (558, 647), (558, 689), (558, 977), (559, 733), (559, 835), (559, 926), (560, 614), (560, 616), (560, 664), (560, 908), (560, 1057), (560, 1092), (560, 1125), (561, 650), (561, 699), (561, 991), (562, 583), (562, 602), (562, 1011), (562, 1047), (562, 1054), (563, 578), (563, 635), (563, 658), (563, 722), (563, 834), (563, 1010), (564, 577), (564, 967), (564, 1133), (565, 637), (565, 739), (565, 826), (565, 852), (565, 1105), (565, 1111), (566, 830), (566, 917), (566, 989), (566, 1053), (566, 1088), (567, 645), (568, 817), (568, 832), (568, 894), (568, 964), (568, 1046), (568, 1109), (569, 646), (569, 662), (569, 993), (569, 1108), (570, 589), (570, 687), (570, 723), (570, 744), (570, 817), (571, 633), (571, 636), (571, 786), (571, 1057), (571, 1118), (572, 647), (572, 848), (573, 692), (573, 731), (573, 771), (574, 583), (574, 682), (574, 945), (574, 954), (575, 768), (575, 824), (575, 1008), (575, 1010), (576, 584), (576, 615), (576, 622), (576, 882), (577, 916), (577, 1057), (577, 1088), (578, 735), (578, 761), (578, 762), (578, 799), (578, 895), (579, 617), (579, 676), (579, 697), (579, 917), (579, 996), (580, 669), (580, 703), (580, 793), (580, 813), (580, 843), (581, 619), (581, 676), (582, 741), (582, 888), (582, 1049), (583, 593), (583, 596), (583, 731), (583, 821), (583, 919), (584, 603), (584, 659), (584, 689), (585, 642), (585, 704), (585, 890), (585, 1090), (585, 1140), (586, 605), (586, 674), (586, 841), (586, 918), (586, 978), (587, 958), (588, 692), (589, 741), (589, 784), (589, 837), (589, 921), (589, 975), (590, 608), (590, 662), (590, 674), (590, 736), (590, 781), (590, 812), (590, 854), (591, 683), (591, 685), (591, 779), (591, 829), (591, 1039), (592, 621), (593, 750), (593, 755), (593, 903), (594, 656), (594, 739), (594, 1001), (594, 1031), (594, 1119), (595, 1040), (596, 628), (596, 734), (596, 775), (596, 1064), (597, 679), (597, 787), (597, 1017), (598, 905), (598, 929), (598, 942), (598, 1060), (599, 678), (599, 700), (599, 927), (599, 1010), (599, 1026), (599, 1057), (600, 680), (600, 712), (600, 1015), (601, 726), (601, 872), (602, 672), (603, 779), (603, 896), (604, 624), (604, 686), (604, 838), (604, 931), (604, 1009), (605, 731), (605, 861), (605, 994), (605, 1047), (606, 713), (606, 832), (606, 864), (606, 983), (606, 1033), (606, 1100), (607, 652), (607, 795), (607, 893), (607, 1028), (608, 638), (608, 733), (608, 800), (609, 750), (609, 905), (610, 659), (610, 735), (610, 749), (610, 875), (610, 904), (610, 906), (611, 650), (611, 744), (611, 818), (611, 979), (612, 940), (612, 1043), (612, 1130), (613, 635), (613, 1060), (614, 665), (614, 667), (614, 759), (614, 852), (614, 944), (614, 1019), (615, 828), (615, 960), (615, 1113), (616, 866), (616, 1053), (616, 1094), (616, 1145), (617, 627), (617, 702), (617, 705), (617, 721), (617, 891), (617, 914), (617, 941), (617, 1049), (617, 1126), (618, 668), (618, 1088), (619, 756), (619, 802), (619, 847), (619, 1133), (620, 714), (620, 1022), (620, 1074), (621, 653), (621, 746), (621, 950), (621, 1025), (621, 1079), (622, 740), (622, 809), (622, 894), (622, 1087), (623, 678), (623, 704), (623, 754), (623, 927), (623, 1133), (624, 800), (624, 840), (624, 895), (625, 653), (626, 693), (626, 762), (626, 877), (626, 957), (627, 901), (627, 963), (627, 1045), (628, 730), (628, 766), (628, 1094), (629, 873), (629, 905), (631, 708), (631, 911), (631, 989), (632, 716), (632, 1013), (633, 650), (634, 851), (634, 1088), (635, 938), (635, 1004), (635, 1099), (635, 1117), (636, 646), (636, 687), (637, 653), (637, 970), (638, 1017), (639, 647), (639, 696), (639, 795), (639, 866), (640, 707), (640, 732), (640, 785), (640, 888), (640, 1111), (641, 686), (641, 772), (641, 807), (641, 832), (641, 1102), (642, 845), (642, 1016), (643, 790), (644, 834), (644, 1058), (645, 939), (646, 792), (646, 987), (647, 661), (647, 866), (648, 955), (650, 660), (650, 781), (650, 793), (650, 836), (651, 681), (651, 727), (651, 817), (651, 962), (651, 1052), (651, 1096), (652, 729), (652, 865), (652, 907), (653, 679), (653, 698), (653, 774), (653, 777), (653, 942), (653, 956), (654, 721), (654, 785), (654, 1141), (655, 1074), (656, 1011), (657, 678), (657, 741), (657, 925), (658, 688), (658, 802), (659, 700), (659, 885), (659, 906), (660, 671), (660, 857), (660, 888), (660, 932), (660, 1013), (660, 1018), (661, 914), (661, 1131), (662, 699), (662, 700), (662, 893), (662, 1103), (662, 1121), (663, 714), (663, 725), (663, 984), (663, 997), (663, 1132), (664, 1031), (664, 1055), (665, 809), (667, 885), (667, 1047), (668, 874), (668, 1013), (669, 857), (670, 785), (670, 849), (670, 864), (671, 675), (671, 1005), (671, 1059), (672, 829), (672, 1064), (672, 1123), (673, 890), (673, 1007), (673, 1040), (673, 1140), (674, 696), (674, 1027), (674, 1079), (675, 988), (675, 1135), (675, 1136), (676, 706), (676, 795), (676, 1022), (676, 1104), (677, 679), (677, 700), (677, 737), (677, 925), (677, 1006), (678, 690), (678, 771), (678, 1145), (679, 795), (679, 880), (679, 941), (680, 759), (680, 1066), (681, 1031), (681, 1098), (682, 772), (682, 923), (682, 983), (683, 720), (683, 779), (683, 1075), (684, 1028), (684, 1033), (685, 695), (685, 703), (685, 781), (685, 811), (685, 917), (686, 837), (686, 1100), (686, 1145), (687, 752), (687, 838), (687, 1112), (688, 853), (688, 933), (689, 790), (689, 928), (689, 1123), (690, 807), (690, 816), (690, 881), (690, 990), (691, 914), (692, 694), (692, 725), (692, 757), (692, 849), (692, 1094), (692, 1095), (693, 704), (693, 810), (693, 972), (693, 1148), (694, 704), (695, 764), (695, 798), (696, 876), (696, 968), (696, 1042), (697, 771), (697, 783), (697, 886), (697, 919), (697, 996), (698, 814), (698, 1055), (699, 729), (699, 835), (699, 877), (699, 881), (700, 717), (700, 728), (700, 763), (701, 804), (701, 844), (702, 747), (702, 767), (702, 992), (704, 1028), (705, 773), (705, 822), (705, 830), (705, 895), (705, 1009), (705, 1019), (705, 1054), (706, 973), (706, 1009), (708, 1037), (709, 887), (709, 1115), (710, 738), (710, 754), (711, 808), (712, 745), (712, 797), (712, 869), (712, 924), (712, 940), (712, 1084), (713, 716), (713, 972), (713, 1059), (714, 821), (714, 949), (714, 959), (714, 990), (715, 878), (715, 1006), (716, 770), (716, 816), (716, 1016), (717, 941), (717, 988), (717, 1084), (718, 800), (718, 1048), (719, 841), (719, 1145), (721, 811), (721, 918), (721, 1114), (722, 839), (723, 915), (724, 754), (724, 857), (725, 1042), (726, 758), (726, 780), (726, 920), (727, 820), (727, 1020), (728, 765), (728, 855), (728, 963), (729, 898), (730, 1027), (730, 1041), (730, 1104), (730, 1115), (731, 789), (731, 1036), (732, 753), (732, 1077), (733, 821), (733, 999), (733, 1007), (733, 1076), (733, 1094), (734, 857), (734, 1010), (735, 872), (736, 831), (736, 1002), (737, 885), (738, 889), (738, 1123), (738, 1126), (739, 1062), (739, 1105), (740, 759), (740, 781), (740, 863), (740, 1070), (740, 1143), (742, 748), (742, 776), (742, 788), (742, 921), (742, 1102), (744, 772), (744, 924), (744, 1012), (744, 1015), (744, 1041), (745, 748), (745, 771), (745, 825), (746, 777), (746, 954), (746, 970), (746, 1086), (747, 769), (747, 866), (747, 889), (747, 898), (747, 977), (747, 1032), (747, 1074), (747, 1135), (747, 1148), (748, 787), (748, 803), (748, 865), (749, 803), (749, 927), (749, 1056), (750, 944), (750, 957), (750, 981), (751, 829), (751, 1036), (752, 835), (752, 848), (752, 1042), (753, 890), (754, 1005), (755, 827), (755, 926), (755, 934), (755, 992), (755, 1031), (755, 1034), (756, 893), (756, 968), (756, 1117), (756, 1140), (757, 820), (757, 823), (757, 1066), (758, 843), (758, 858), (759, 828), (759, 829), (759, 858), (759, 942), (759, 967), (760, 886), (760, 895), (760, 909), (760, 917), (760, 1036), (760, 1056), (760, 1083), (761, 979), (761, 1052), (762, 773), (763, 769), (763, 815), (763, 1096), (764, 806), (764, 1071), (765, 987), (765, 995), (765, 1028), (766, 959), (766, 1015), (767, 974), (767, 1009), (768, 1108), (769, 898), (770, 942), (770, 1073), (770, 1092), (772, 803), (772, 823), (772, 833), (772, 851), (772, 897), (772, 1035), (772, 1128), (773, 1007), (774, 875), (775, 798), (775, 828), (775, 869), (775, 904), (775, 1021), (775, 1058), (775, 1123), (777, 796), (778, 782), (778, 1015), (778, 1028), (779, 878), (780, 818), (780, 893), (780, 924), (781, 886), (781, 902), (781, 935), (782, 822), (782, 823), (782, 947), (782, 983), (782, 1113), (783, 831), (783, 849), (784, 847), (784, 1093), (785, 827), (785, 850), (785, 1075), (785, 1100), (785, 1121), (786, 980), (787, 857), (787, 1006), (787, 1049), (788, 830), (788, 867), (788, 959), (788, 998), (789, 962), (790, 1051), (791, 881), (791, 966), (791, 978), (791, 982), (791, 999), (791, 1072), (792, 869), (792, 994), (792, 1071), (792, 1075), (793, 995), (793, 1103), (793, 1133), (794, 819), (794, 822), (795, 892), (795, 1058), (796, 886), (797, 846), (797, 868), (797, 876), (797, 975), (798, 827), (798, 999), (798, 1032), (799, 1044), (800, 826), (800, 884), (800, 1080), (802, 889), (802, 1129), (803, 910), (803, 983), (804, 876), (804, 1103), (805, 1093), (805, 1102), (805, 1145), (806, 855), (806, 889), (807, 969), (807, 978), (808, 999), (809, 924), (809, 1110), (810, 942), (810, 1078), (811, 1064), (812, 868), (812, 926), (812, 982), (812, 1089), (813, 926), (814, 890), (815, 822), (815, 831), (815, 933), (815, 980), (816, 955), (816, 980), (816, 1070), (817, 985), (817, 1027), (818, 842), (818, 942), (818, 1030), (818, 1038), (818, 1138), (819, 911), (819, 953), (819, 1000), (819, 1067), (820, 914), (820, 1040), (821, 949), (822, 869), (822, 873), (822, 902), (822, 941), (824, 928), (824, 932), (825, 860), (825, 966), (825, 1041), (825, 1057), (826, 837), (827, 1042), (828, 1130), (830, 863), (830, 1021), (831, 863), (832, 911), (832, 930), (832, 1006), (832, 1094), (832, 1122), (833, 1145), (834, 950), (835, 971), (835, 1149), (836, 859), (836, 867), (836, 918), (836, 1046), (836, 1148), (837, 843), (839, 870), (839, 930), (840, 910), (841, 856), (841, 907), (841, 961), (842, 899), (842, 907), (842, 1049), (843, 968), (843, 1127), (845, 1017), (845, 1082), (845, 1101), (846, 963), (846, 1034), (847, 850), (847, 1062), (848, 1083), (848, 1123), (849, 1067), (850, 1024), (852, 855), (852, 936), (854, 869), (855, 916), (855, 948), (856, 916), (856, 937), (857, 1061), (858, 975), (859, 953), (860, 928), (860, 941), (860, 967), (860, 984), (861, 876), (861, 911), (861, 1091), (862, 956), (862, 1042), (863, 900), (863, 1107), (864, 874), (864, 913), (865, 899), (865, 1016), (865, 1034), (865, 1059), (866, 1109), (866, 1127), (867, 1053), (867, 1098), (867, 1134), (868, 1012), (869, 1077), (870, 918), (870, 1071), (871, 937), (872, 1011), (873, 938), (873, 992), (873, 1049), (873, 1065), (874, 994), (875, 1036), (875, 1039), (875, 1117), (876, 1004), (876, 1020), (876, 1122), (877, 908), (877, 995), (877, 1076), (878, 927), (878, 1024), (878, 1112), (878, 1120), (878, 1147), (879, 1016), (880, 921), (880, 946), (880, 1048), (880, 1147), (881, 960), (881, 1077), (881, 1092), (881, 1139), (882, 900), (882, 911), (882, 963), (884, 998), (884, 1028), (885, 890), (885, 909), (885, 1115), (886, 1018), (886, 1021), (887, 903), (888, 1057), (889, 969), (889, 1010), (889, 1129), (890, 1039), (890, 1106), (891, 991), (891, 1014), (892, 1149), (894, 942), (894, 1095), (894, 1109), (896, 922), (897, 1118), (899, 913), (899, 1068), (899, 1124), (900, 905), (900, 1020), (901, 1078), (902, 1055), (902, 1122), (903, 1047), (905, 912), (905, 997), (905, 1046), (905, 1110), (905, 1142), (908, 1067), (909, 1054), (909, 1094), (909, 1097), (911, 1148), (914, 1012), (914, 1101), (915, 961), (915, 1149), (916, 1032), (917, 1110), (918, 1014), (918, 1137), (920, 943), (920, 952), (920, 1009), (920, 1037), (922, 1029), (922, 1076), (923, 1014), (923, 1115), (923, 1124), (924, 986), (924, 1021), (924, 1052), (926, 941), (926, 971), (927, 936), (928, 984), (929, 969), (933, 960), (935, 973), (935, 1090), (936, 945), (941, 964), (942, 1046), (943, 968), (943, 990), (944, 945), (944, 983), (944, 1032), (944, 1072), (945, 1126), (946, 951), (947, 1067), (947, 1103), (950, 1054), (951, 1073), (952, 1029), (953, 1003), (953, 1094), (954, 1060), (956, 957), (956, 1114), (958, 987), (959, 1107), (959, 1119), (961, 1138), (962, 1113), (963, 1008), (964, 965), (965, 1099), (966, 1096), (967, 1049), (968, 1007), (968, 1019), (969, 995), (973, 990), (973, 1141), (974, 992), (975, 1044), (976, 983), (976, 1121), (977, 985), (977, 1132), (979, 1120), (981, 1044), (981, 1131), (985, 1095), (987, 1134), (989, 1045), (989, 1118), (989, 1143), (991, 1056), (995, 1104), (995, 1123), (997, 1002), (998, 1087), (1000, 1135), (1001, 1031), (1003, 1016), (1004, 1005), (1007, 1097), (1009, 1111), (1012, 1147), (1014, 1042), (1015, 1057), (1015, 1106), (1019, 1043), (1021, 1036), (1022, 1138), (1025, 1069), (1026, 1051), (1026, 1121), (1030, 1089), (1034, 1109), (1038, 1148), (1041, 1127), (1044, 1098), (1044, 1137), (1048, 1127), (1049, 1065), (1058, 1077), (1059, 1103), (1062, 1143), (1065, 1130), (1066, 1076), (1066, 1137), (1068, 1102), (1071, 1125), (1074, 1088), (1074, 1115), (1079, 1144), (1080, 1128), (1084, 1124), (1086, 1138), (1091, 1094), (1092, 1097), (1092, 1122), (1093, 1106), (1094, 1132), (1098, 1124), (1101, 1127), (1103, 1120), (1104, 1137), (1107, 1115), (1114, 1135), (1119, 1144)}

Articulation Points (Cut Vertices): 45 254 296 496 601 631 920 
